0.097638,0.5396,0.10345,0.98535
0.10236,0.52888,0.10345,0.98535
0.10394,0.51815,0.10345,0.98535
0.10709,0.50578,0.10345,0.98535
0.10866,0.49505,0.10345,0.98535
0.10065,0.52884,0.10345,0.98535
0.10383,0.51886,0.10345,0.98535
0.10365,0.52012,0.10345,0.98535
0.10102,0.53192,0.10345,0.98535
0.1046,0.51469,0.10345,0.98535
0.10485,0.51458,0.10345,0.98535
0.098519,0.5376,0.10345,0.98535
0.10386,0.52154,0.10345,0.98535
0.10815,0.49778,0.10345,0.98535
0.10547,0.51211,0.10345,0.98535
0.10824,0.49734,0.10345,0.98535
0.10483,0.5138,0.10345,0.98535
0.10481,0.51573,0.10345,0.98535
0.10705,0.50592,0.10345,0.98535
0.10797,0.49976,0.10345,0.98535
0.10387,0.52151,0.10345,0.98535
0.10645,0.50805,0.10345,0.98535
0.09778,0.53928,0.10345,0.98535
0.099476,0.53543,0.10345,0.98535
0.097874,0.53907,0.10345,0.98535
0.10606,0.50903,0.10345,0.98535
0.10325,0.51951,0.10345,0.98535
0.10466,0.51764,0.10345,0.98535
0.10245,0.5283,0.10345,0.98535
0.10347,0.52134,0.10345,0.98535
0.1033,0.5243,0.10345,0.98535
0.10803,0.49936,0.10345,0.98535
0.10131,0.53128,0.10345,0.98535
0.10614,0.5086,0.10345,0.98535
0.10005,0.53412,0.10345,0.98535
0.10025,0.53368,0.10345,0.98535
0.10324,0.51953,0.10345,0.98535
0.10668,0.50473,0.10345,0.98535
0.10763,0.50209,0.10345,0.98535
0.10718,0.50512,0.10345,0.98535
0.10712,0.50332,0.10345,0.98535
0.10264,0.52697,0.10345,0.98535
0.10779,0.49975,0.10345,0.98535
0.098025,0.53829,0.10345,0.98535
0.099647,0.53504,0.10345,0.98535
0.098023,0.53829,0.10345,0.98535
0.099403,0.5356,0.10345,0.98535
0.1066,0.50769,0.10345,0.98535
0.10429,0.51944,0.10345,0.98535
0.1039,0.51838,0.10345,0.98535
0.099983,0.53428,0.10345,0.98535
0.10862,0.49532,0.10345,0.98535
0.10598,0.50974,0.10345,0.98535
0.10434,0.51621,0.10345,0.98535
0.10571,0.51251,0.10345,0.98535
0.10159,0.53062,0.10345,0.98535
0.10505,0.51306,0.10345,0.98535
0.10839,0.49636,0.10345,0.98535
0.10404,0.52067,0.10345,0.98535
0.10474,0.51725,0.10345,0.98535
0.10614,0.50949,0.10345,0.98535
0.10852,0.49603,0.10345,0.98535
0.10021,0.53086,0.10345,0.98535
0.1086,0.49544,0.10345,0.98535
0.10286,0.52645,0.10345,0.98535
0.097999,0.53878,0.10345,0.98535
0.1056,0.51303,0.10345,0.98535
0.10645,0.50889,0.10345,0.98535
0.10075,0.52847,0.10345,0.98535
0.10385,0.51873,0.10345,0.98535
0.10419,0.51717,0.10345,0.98535
0.098518,0.53661,0.10345,0.98535
0.1061,0.50759,0.10345,0.98535
0.10275,0.52621,0.10345,0.98535
0.10321,0.52312,0.10345,0.98535
0.098731,0.53569,0.10345,0.98535
0.10632,0.50953,0.10345,0.98535
0.10781,0.50082,0.10345,0.98535
0.10267,0.52681,0.10345,0.98535
0.10264,0.52753,0.10345,0.98535
0.10345,0.52146,0.10345,0.98535
0.10332,0.52237,0.10345,0.98535
0.10256,0.52791,0.10345,0.98535
0.1027,0.52659,0.10345,0.98535
0.10584,0.51019,0.10345,0.98535
0.10275,0.52624,0.10345,0.98535
0.10758,0.50242,0.10345,0.98535
0.10695,0.50631,0.10345,0.98535
0.10359,0.52053,0.10345,0.98535
0.09974,0.53244,0.10345,0.98535
0.10849,0.4959,0.10345,0.98535
0.10395,0.51812,0.10345,0.98535
0.10237,0.52885,0.10345,0.98535
0.10004,0.53416,0.10345,0.98535
