0.27244,0.18317,0.10345,0.98535
0.29134,0.18317,0.13793,0.9834
0.31181,0.19142,0.13793,0.9834
0.32126,0.19554,0.13793,0.9834
0.33543,0.20462,0.13793,0.9834
0.29529,0.18509,0.13793,0.9834
0.29885,0.18682,0.13793,0.9834
0.31281,0.19361,0.13793,0.9834
0.33239,0.20267,0.13793,0.9834
0.30536,0.19007,0.13228,0.98372
0.28659,0.18676,0.11344,0.98479
0.31093,0.1927,0.13793,0.9834
0.28312,0.18541,0.1128,0.98482
0.30529,0.18879,0.13793,0.9834
0.2968,0.18537,0.13793,0.9834
0.33213,0.20251,0.13793,0.9834
0.32516,0.19804,0.13793,0.9834
0.31425,0.19432,0.13793,0.9834
0.319,0.19456,0.13793,0.9834
0.30155,0.18728,0.13793,0.9834
0.28129,0.18317,0.11959,0.98444
0.32643,0.19886,0.13793,0.9834
0.31063,0.19285,0.13042,0.98382
0.28662,0.18317,0.12931,0.98389
0.30341,0.18966,0.13057,0.98382
0.33355,0.20357,0.13793,0.9834
0.32723,0.20004,0.13793,0.9834
0.31574,0.19415,0.13403,0.98362
0.31519,0.19331,0.13793,0.9834
0.31771,0.19471,0.13793,0.9834
0.31549,0.19347,0.13793,0.9834
0.33483,0.20423,0.13793,0.9834
0.30913,0.19034,0.13793,0.9834
0.3349,0.20428,0.13793,0.9834
0.31791,0.19483,0.13793,0.9834
0.33108,0.20183,0.13793,0.9834
0.33502,0.20436,0.13793,0.9834
0.29246,0.18363,0.13793,0.9834
0.32643,0.19885,0.13793,0.9834
0.31211,0.19155,0.13793,0.9834
0.29392,0.18767,0.12226,0.98429
0.32586,0.19849,0.13793,0.9834
0.29293,0.18383,0.13793,0.9834
0.28735,0.18317,0.13065,0.98381
0.33268,0.20308,0.13793,0.9834
0.29127,0.18711,0.11994,0.98442
0.27914,0.18487,0.10818,0.98508
0.29148,0.18324,0.13793,0.9834
0.306,0.1902,0.13285,0.98369
0.31693,0.19365,0.13793,0.9834
0.28574,0.18317,0.12771,0.98398
0.31849,0.19433,0.13793,0.9834
0.31652,0.19347,0.13793,0.9834
0.32695,0.19919,0.13793,0.9834
0.31291,0.19209,0.13793,0.9834
0.31041,0.19106,0.13793,0.9834
0.31765,0.19468,0.13793,0.9834
0.32308,0.19671,0.13793,0.9834
0.29099,0.18706,0.1197,0.98443
0.32118,0.19551,0.13793,0.9834
0.30612,0.18913,0.13793,0.9834
0.31956,0.19484,0.13793,0.9834
0.31793,0.19484,0.13793,0.9834
0.3176,0.19403,0.13793,0.9834
0.30409,0.18844,0.13793,0.9834
0.31833,0.19427,0.13793,0.9834
0.29027,0.18691,0.11907,0.98447
0.29097,0.18787,0.11654,0.98461
0.32017,0.19609,0.13793,0.9834
0.29411,0.18428,0.13793,0.9834
0.29649,0.1853,0.13793,0.9834
0.32128,0.19773,0.13793,0.9834
0.31822,0.19429,0.13793,0.9834
0.31716,0.19376,0.13793,0.9834
0.32301,0.19666,0.13793,0.9834
0.3273,0.19942,0.13793,0.9834
0.30661,0.18932,0.13793,0.9834
0.28237,0.18317,0.12156,0.98433
0.32064,0.19635,0.13793,0.9834
0.33259,0.2028,0.13793,0.9834
0.2895,0.18317,0.13458,0.98359
0.31095,0.19107,0.13793,0.9834
0.30931,0.19191,0.13793,0.9834
0.33525,0.20451,0.13793,0.9834
0.32101,0.19656,0.13793,0.9834
0.3187,0.19443,0.13793,0.9834
0.32451,0.19931,0.13793,0.9834
0.32779,0.20035,0.13793,0.9834
0.31856,0.19641,0.13793,0.9834
0.29981,0.18658,0.13793,0.9834
0.31877,0.19452,0.13793,0.9834
0.315,0.19281,0.13793,0.9834
0.33402,0.20383,0.13793,0.9834
0.31557,0.19496,0.13793,0.9834
