0.33701,0.37624,0.10345,0.99219
0.34016,0.37129,0.13793,0.99219
0.34488,0.37046,0.13793,0.99219
0.35118,0.37129,0.13793,0.99121
0.35591,0.37541,0.13793,0.99219
0.3622,0.38284,0.10345,0.99219
0.37165,0.39439,0.10345,0.99219
0.37795,0.41007,0.068966,0.99219
0.36269,0.38367,0.1024,0.99219
0.37213,0.39556,0.10086,0.99219
0.35293,0.38458,0.10345,0.99219
0.35098,0.37129,0.13793,0.99123
0.34805,0.37088,0.13793,0.9917
0.37238,0.40546,0.073658,0.99219
0.34644,0.37067,0.13793,0.99195
0.34619,0.37063,0.13793,0.99198
0.36573,0.39129,0.10345,0.99219
0.36458,0.38574,0.10345,0.99219
0.34449,0.37053,0.13793,0.99219
0.3601,0.38229,0.10345,0.99219
0.36875,0.39287,0.10345,0.99219
0.37604,0.4053,0.079443,0.99219
0.35876,0.39421,0.085127,0.99219
0.34805,0.37336,0.13793,0.99219
0.34664,0.37125,0.13793,0.99219
0.34777,0.37084,0.13793,0.99174
0.35673,0.3814,0.10345,0.99219
0.37046,0.40387,0.075277,0.99219
0.35267,0.37396,0.13793,0.99219
0.35919,0.37928,0.11997,0.99219
0.36358,0.38452,0.10345,0.99219
0.34938,0.37129,0.13793,0.99137
0.35073,0.37129,0.13793,0.99125
0.35588,0.38613,0.10345,0.99219
0.34617,0.37104,0.13793,0.99219
0.3445,0.37242,0.13793,0.99219
0.34744,0.3708,0.13793,0.99179
0.34176,0.37129,0.13793,0.99205
0.35918,0.37927,0.12001,0.99219
0.35199,0.38408,0.10345,0.99219
0.34112,0.37112,0.13793,0.99219
0.34476,0.37827,0.10345,0.99219
0.35117,0.37129,0.13793,0.99121
0.35175,0.37355,0.13793,0.99219
0.35243,0.37385,0.13793,0.99219
0.34392,0.37986,0.10345,0.99219
0.34799,0.37129,0.13793,0.99149
0.35282,0.3746,0.13793,0.99219
0.37298,0.3977,0.096169,0.99219
0.34608,0.38099,0.10345,0.99219
0.33735,0.3757,0.10717,0.99219
0.35385,0.38506,0.10345,0.99219
0.34192,0.37098,0.13793,0.99219
0.34552,0.37055,0.13793,0.99209
0.34843,0.37206,0.13793,0.99219
0.34307,0.38125,0.098339,0.99219
0.34794,0.37086,0.13793,0.99171
0.33916,0.37285,0.12706,0.99219
0.34277,0.37083,0.13793,0.99219
0.36142,0.38192,0.10772,0.99219
0.37742,0.40874,0.071874,0.99219
0.36619,0.38771,0.10345,0.99219
0.37162,0.39435,0.10345,0.99219
0.35425,0.37397,0.13793,0.99185
0.37078,0.39332,0.10345,0.99219
0.34903,0.38254,0.10345,0.99219
0.33859,0.37707,0.10345,0.99219
0.35566,0.3752,0.13793,0.99214
0.37192,0.39506,0.10197,0.99219
0.35118,0.37329,0.13793,0.99219
0.36068,0.38244,0.10345,0.99219
0.34309,0.37077,0.13793,0.99219
0.34876,0.37097,0.13793,0.99159
0.34712,0.37076,0.13793,0.99184
0.37265,0.4009,0.08058,0.99219
0.3411,0.37112,0.13793,0.99219
0.344,0.37129,0.13793,0.99185
0.36913,0.39307,0.10345,0.99219
0.34872,0.37096,0.13793,0.99159
0.35446,0.37476,0.13793,0.99219
0.36837,0.39267,0.10345,0.99219
0.34331,0.37074,0.13793,0.99219
0.368,0.39248,0.10345,0.99219
0.35033,0.37291,0.13793,0.99219
0.35149,0.38003,0.10345,0.99219
0.34865,0.37351,0.13793,0.99219
0.36789,0.38979,0.10345,0.99219
0.34379,0.37224,0.13793,0.99219
0.34593,0.3706,0.13793,0.99203
0.36248,0.38317,0.10345,0.99219
0.37696,0.40761,0.074378,0.99219
0.34584,0.37277,0.13793,0.99219
0.36294,0.38373,0.10345,0.99219
0.37646,0.40635,0.077145,0.99219
