0.26457,0.40182,0.10345,0.98242
0.26772,0.39356,0.10345,0.98145
0.27244,0.38531,0.13793,0.97949
0.27874,0.38119,0.24138,0.97852
0.28346,0.37706,0.24138,0.97852
0.28819,0.37376,0.24138,0.97949
0.28976,0.36799,0.24138,0.98047
0.28976,0.36469,0.2069,0.98145
0.28976,0.36304,0.17241,0.98438
0.29134,0.36469,0.13793,0.98438
0.29134,0.36799,0.10345,0.98535
0.29134,0.37211,0.10345,0.98535
0.29134,0.37706,0.10345,0.98633
0.29134,0.38449,0.10345,0.98633
0.28976,0.36438,0.20046,0.98199
0.27179,0.38668,0.13507,0.97974
0.28976,0.36769,0.23831,0.98056
0.29134,0.37376,0.10345,0.98597
0.29134,0.37631,0.10345,0.98625
0.26509,0.40045,0.10345,0.98226
0.29134,0.36863,0.10345,0.98539
0.28976,0.36327,0.17721,0.98397
0.29134,0.38366,0.10345,0.98626
0.28976,0.36334,0.17882,0.98383
0.28841,0.37295,0.24138,0.97963
0.28723,0.37164,0.24138,0.97968
0.28918,0.37012,0.24138,0.98011
0.26885,0.39706,0.10345,0.98289
0.29134,0.37678,0.10345,0.9863
0.28976,0.36641,0.22491,0.98094
0.27084,0.38866,0.13093,0.98009
0.29134,0.37206,0.10345,0.98535
0.28895,0.37097,0.24138,0.97996
0.28976,0.36385,0.18951,0.98292
0.29134,0.3671,0.12672,0.98469
0.26531,0.39986,0.10345,0.98219
0.26507,0.40051,0.10345,0.98227
0.29134,0.36829,0.12119,0.98485
0.26771,0.39357,0.10345,0.98145
0.29134,0.37457,0.10345,0.98584
0.27999,0.38021,0.24138,0.97864
0.26667,0.39631,0.10345,0.98177
0.2902,0.36349,0.16293,0.98438
0.28709,0.37119,0.24138,0.97999
0.28418,0.37604,0.24138,0.97874
0.28835,0.37317,0.24138,0.97959
0.28976,0.36334,0.17878,0.98383
0.29134,0.3827,0.10345,0.98622
0.29134,0.36926,0.10345,0.98535
0.2897,0.36806,0.24138,0.98046
0.28763,0.3742,0.24138,0.97943
0.28915,0.37023,0.24138,0.98009
0.2773,0.37907,0.1476,0.98086
0.28439,0.37674,0.24138,0.9791
0.28551,0.37308,0.24138,0.97971
0.29134,0.38377,0.10345,0.98633
0.28788,0.37173,0.10345,0.98478
0.28193,0.3784,0.24138,0.97852
0.29134,0.38357,0.10345,0.98626
0.28976,0.36437,0.20027,0.98201
0.29134,0.37842,0.10345,0.98633
0.2792,0.38078,0.24138,0.97852
0.29134,0.36605,0.12369,0.98478
0.28351,0.37699,0.24138,0.97853
0.28795,0.37016,0.24138,0.98015
0.29001,0.36942,0.10345,0.98513
0.28167,0.37768,0.24138,0.97904
0.2903,0.37326,0.10345,0.98524
0.29134,0.37427,0.10345,0.98578
0.29134,0.37242,0.10345,0.98541
0.28879,0.3694,0.24138,0.98017
0.29134,0.37285,0.10345,0.9855
0.2818,0.37852,0.24138,0.97852
0.28976,0.36418,0.19627,0.98235
0.29134,0.3714,0.10345,0.98555
0.29134,0.37607,0.10345,0.98583
0.29134,0.36831,0.10345,0.98537
0.28647,0.37193,0.24138,0.97989
0.2774,0.3799,0.13793,0.98077
0.28152,0.37876,0.24138,0.97852
0.29132,0.36467,0.13829,0.98438
0.26669,0.39626,0.10345,0.98176
0.28976,0.36424,0.19757,0.98224
0.29134,0.37047,0.10345,0.98562
0.28931,0.36963,0.24138,0.98019
0.29134,0.38312,0.10345,0.98622
0.28855,0.37168,0.23345,0.97994
0.29134,0.37319,0.10345,0.98544
0.29134,0.36543,0.1345,0.98447
0.29134,0.37848,0.10345,0.98633
0.29134,0.37232,0.10345,0.98539
0.29134,0.37885,0.10345,0.98633
0.28473,0.37618,0.24138,0.97878
0.28748,0.37128,0.24138,0.97976
