0.11339,0.51898,0.13793,0.98438
0.11969,0.51403,0.13793,0.98438
0.12283,0.51073,0.13793,0.9834
0.12598,0.50908,0.13793,0.9834
0.12913,0.50743,0.13793,0.98438
0.13228,0.50495,0.13793,0.98438
0.13543,0.5033,0.13793,0.98438
0.13858,0.5,0.13793,0.98438
0.14488,0.4967,0.13793,0.98438
0.14803,0.49505,0.13793,0.98438
0.15118,0.4934,0.13793,0.98438
0.15906,0.48845,0.10345,0.98633
0.13444,0.50382,0.13793,0.98438
0.14959,0.49423,0.13793,0.98438
0.14723,0.49547,0.13793,0.98438
0.11803,0.51533,0.13793,0.98438
0.14343,0.49746,0.13793,0.98438
0.13673,0.50194,0.13793,0.98438
0.13438,0.50385,0.13793,0.98438
0.13991,0.49931,0.13793,0.98438
0.14965,0.4942,0.13793,0.98438
0.12176,0.51284,0.13793,0.98438
0.15297,0.49199,0.11825,0.98549
0.13832,0.50028,0.13793,0.98438
0.11895,0.5149,0.13793,0.98438
0.12923,0.50735,0.13793,0.98438
0.1406,0.49894,0.13793,0.98438
0.12107,0.51257,0.13793,0.98394
0.12796,0.50824,0.13793,0.98438
0.12565,0.50925,0.13793,0.9834
0.14911,0.49448,0.13793,0.98438
0.14757,0.49529,0.13793,0.98438
0.1181,0.51552,0.13793,0.98438
0.14717,0.4955,0.13793,0.98438
0.13374,0.50419,0.13793,0.98438
0.12415,0.51003,0.13793,0.9834
0.1345,0.50321,0.13793,0.98438
0.14956,0.49397,0.12654,0.98502
0.15749,0.48944,0.11032,0.98594
0.11836,0.51507,0.13793,0.98438
0.1574,0.48944,0.10863,0.98603
0.15524,0.49067,0.11274,0.9858
0.12942,0.5072,0.13793,0.98438
0.12211,0.51148,0.13793,0.98362
0.11723,0.51596,0.13793,0.98438
0.13322,0.50446,0.13793,0.98438
0.13313,0.50481,0.13793,0.98438
0.123,0.51064,0.13793,0.9834
0.14941,0.49433,0.13793,0.98438
0.12799,0.50776,0.13793,0.98371
0.14778,0.49518,0.13793,0.98438
0.14799,0.49489,0.13037,0.9848
0.12436,0.50993,0.13793,0.9834
0.14967,0.49419,0.13793,0.98438
0.1222,0.51251,0.13793,0.98438
0.1312,0.50607,0.13793,0.98438
0.12833,0.50785,0.13793,0.98413
0.1414,0.49853,0.13793,0.98438
0.12004,0.51366,0.13793,0.98427
0.15034,0.49384,0.13793,0.98438
0.14296,0.49771,0.13793,0.98438
0.11996,0.51374,0.13793,0.98429
0.12703,0.50853,0.13793,0.98372
0.12019,0.51399,0.13793,0.98438
0.14896,0.49456,0.13793,0.98438
0.14434,0.49699,0.13793,0.98438
0.14413,0.49709,0.13793,0.98438
0.1255,0.50996,0.13793,0.98438
0.12206,0.5114,0.13793,0.98348
0.13561,0.50233,0.13793,0.98438
0.13633,0.50236,0.13793,0.98438
0.15097,0.49351,0.13793,0.98438
0.14872,0.49469,0.13793,0.98438
0.12299,0.51065,0.13793,0.9834
0.14494,0.49667,0.13793,0.98438
0.14391,0.49721,0.13793,0.98438
0.1286,0.50782,0.13793,0.98438
0.13842,0.50017,0.13793,0.98438
0.13897,0.4998,0.13793,0.98438
0.13548,0.50325,0.13793,0.98438
0.1234,0.51043,0.13793,0.9834
0.1341,0.50352,0.13793,0.98438
0.13833,0.50026,0.13793,0.98438
0.14832,0.49488,0.13703,0.98443
0.13383,0.50374,0.13793,0.98438
0.13789,0.50073,0.13793,0.98438
0.13353,0.50397,0.13793,0.98438
0.15526,0.49072,0.11531,0.98566
0.13713,0.50114,0.13793,0.98438
0.14028,0.49911,0.13793,0.98438
0.14665,0.49577,0.13793,0.98438
0.14751,0.49532,0.13793,0.98438
0.12047,0.5132,0.13793,0.98413
0.1182,0.5152,0.13793,0.98438
