0.075591,0.4637,0.10345,0.98535
0.083465,0.4538,0.13793,0.98438
0.091339,0.44307,0.13793,0.98535
0.10079,0.43234,0.13793,0.98535
0.10866,0.42162,0.13793,0.9873
0.11654,0.41172,0.13793,0.98828
0.11969,0.40264,0.13793,0.98926
0.12283,0.39356,0.10345,0.98926
0.099307,0.43356,0.13793,0.98622
0.098392,0.43433,0.13793,0.98615
0.077689,0.46095,0.10804,0.98535
0.11656,0.41165,0.13781,0.98828
0.12243,0.39474,0.1079,0.98926
0.10062,0.43255,0.1377,0.98535
0.10229,0.43029,0.13793,0.98573
0.12229,0.39513,0.10643,0.98917
0.084295,0.45273,0.13793,0.98447
0.11485,0.41383,0.13793,0.98807
0.1182,0.40691,0.13793,0.9888
0.10556,0.42585,0.13793,0.98653
0.094342,0.43966,0.13793,0.98535
0.10739,0.42319,0.13793,0.98716
0.10803,0.42248,0.13793,0.98715
0.08981,0.44515,0.13793,0.98516
0.10279,0.42961,0.13793,0.98585
0.097167,0.43645,0.13793,0.98535
0.1176,0.40866,0.13212,0.98845
0.12111,0.39854,0.12237,0.98926
0.0866,0.44991,0.13793,0.98455
0.11995,0.40188,0.13503,0.98926
0.11947,0.40327,0.13793,0.98919
0.10327,0.42897,0.13793,0.98597
0.11437,0.41456,0.13793,0.98788
0.078105,0.4604,0.10895,0.98535
0.082056,0.45565,0.1123,0.98535
0.11759,0.40867,0.13793,0.98861
0.092215,0.44207,0.13793,0.98535
0.1193,0.40376,0.13793,0.98914
0.097098,0.43653,0.13793,0.98535
0.1014,0.43151,0.13793,0.9855
0.11868,0.40554,0.13793,0.98895
0.094622,0.43934,0.13793,0.98535
0.095762,0.43805,0.13793,0.98535
0.099265,0.43407,0.13793,0.98535
0.098347,0.43536,0.13793,0.98521
0.086958,0.44904,0.13793,0.98481
0.090304,0.44448,0.13793,0.98522
0.087777,0.44792,0.13793,0.98491
0.10573,0.42561,0.13793,0.98658
0.11673,0.40773,0.13793,0.98873
0.11655,0.41169,0.13793,0.98828
0.1146,0.4114,0.13793,0.98836
0.10591,0.42502,0.13793,0.98699
0.12139,0.39772,0.11923,0.98926
0.10493,0.42638,0.13793,0.98687
0.090966,0.44451,0.13793,0.9848
0.11568,0.40773,0.12086,0.98827
0.086456,0.44972,0.13793,0.98475
0.11353,0.4155,0.13793,0.98791
0.099454,0.43338,0.13793,0.98623
0.095552,0.43829,0.13793,0.98535
0.086257,0.45042,0.11805,0.98535
0.11976,0.40243,0.13711,0.98926
0.11329,0.41597,0.13793,0.98768
0.087207,0.4487,0.13793,0.98484
0.092011,0.44326,0.12592,0.98535
0.0965,0.43668,0.13793,0.98593
0.1086,0.42211,0.13793,0.9868
0.089584,0.44546,0.13793,0.98513
0.081175,0.45667,0.1279,0.98466
0.084124,0.45252,0.12213,0.98535
0.076649,0.46237,0.10808,0.98522
0.095862,0.43747,0.13793,0.98586
0.09112,0.44432,0.13793,0.98481
0.087919,0.44811,0.13793,0.98489
0.090598,0.44496,0.13793,0.98478
0.096543,0.4376,0.13793,0.98511
0.10222,0.42984,0.13793,0.98656
0.098387,0.43532,0.13793,0.98522
0.12083,0.39935,0.12542,0.98926
0.12265,0.39408,0.10542,0.98926
0.10892,0.4211,0.1373,0.98734
0.115,0.4107,0.13793,0.98843
0.089157,0.44604,0.13793,0.98508
0.11381,0.41515,0.13793,0.98794
0.099752,0.43363,0.13651,0.98535
0.12189,0.39629,0.10862,0.98911
0.10873,0.4215,0.13793,0.98732
0.081549,0.4562,0.12954,0.98461
0.11406,0.41495,0.13793,0.98782
0.099639,0.43377,0.13793,0.98529
0.10431,0.42755,0.13793,0.98622
0.11998,0.40179,0.13471,0.98926
0.090194,0.4452,0.13793,0.98516
