0.059843,0.60231,0.10345,0.98828
0.061417,0.58993,0.13793,0.9873
0.062992,0.57756,0.13793,0.9873
0.067717,0.56518,0.10345,0.98828
0.072441,0.55281,0.10345,0.98926
0.080315,0.5429,0.10345,0.98828
0.088189,0.533,0.13793,0.9873
0.097638,0.52393,0.13793,0.98633
0.10866,0.5165,0.13793,0.98535
0.11811,0.51073,0.13793,0.98633
0.12913,0.50578,0.13793,0.9873
0.14173,0.50165,0.10345,0.98828
0.15748,0.50165,0.10345,0.98926
0.17008,0.50495,0.10345,0.98828
0.17953,0.50743,0.13793,0.9873
0.18898,0.5099,0.13793,0.98633
0.19843,0.51238,0.13793,0.98535
0.20945,0.51403,0.13793,0.98633
0.2252,0.51485,0.13793,0.98535
0.24094,0.51568,0.13793,0.98438
0.25669,0.51898,0.13793,0.98535
0.27087,0.52228,0.13793,0.98633
0.28661,0.5264,0.13793,0.9873
0.30236,0.53218,0.10345,0.98828
0.32126,0.5396,0.068966,0.99121
0.14166,0.50167,0.10365,0.98828
0.23947,0.5156,0.13793,0.98447
0.065554,0.57368,0.11529,0.98795
0.18591,0.5091,0.13793,0.98665
0.12147,0.50979,0.13793,0.98657
0.31344,0.53653,0.083236,0.99
0.11681,0.51152,0.13793,0.98619
0.062182,0.58393,0.12906,0.98756
0.11492,0.51267,0.13793,0.986
0.2807,0.52485,0.13793,0.98694
0.23426,0.51533,0.13793,0.98479
0.064784,0.57286,0.12485,0.98768
0.18727,0.50945,0.13793,0.9865
0.080752,0.54235,0.12165,0.98823
0.061626,0.5939,0.10345,0.98828
0.060118,0.60015,0.10948,0.98811
0.068858,0.56219,0.10345,0.98852
0.28837,0.52705,0.13408,0.98741
0.089835,0.53142,0.13793,0.98713
0.19739,0.51211,0.13793,0.98546
0.25032,0.51764,0.13793,0.98496
0.08666,0.53493,0.13123,0.98749
0.072964,0.55215,0.10345,0.98919
0.26985,0.52224,0.13793,0.98621
0.087693,0.53363,0.13576,0.98737
0.075479,0.55146,0.10345,0.98828
0.27635,0.52372,0.13793,0.98667
0.070568,0.55771,0.10345,0.98887
0.19075,0.51037,0.13793,0.98614
0.19023,0.51023,0.13793,0.9862
0.15413,0.50309,0.10345,0.98828
0.12467,0.50778,0.13793,0.98691
0.16581,0.50445,0.10345,0.98828
0.14353,0.50165,0.10345,0.98839
0.19928,0.5125,0.13793,0.98543
0.18565,0.50903,0.13793,0.98667
0.060293,0.59877,0.11332,0.988
0.24809,0.51717,0.13793,0.98482
0.26528,0.52098,0.13793,0.98594
0.074257,0.55052,0.10345,0.98903
0.26763,0.52152,0.13793,0.98611
0.061324,0.59067,0.13588,0.98736
0.2433,0.51617,0.13793,0.98452
0.24384,0.51628,0.13793,0.98455
0.24801,0.51716,0.13793,0.98481
0.19487,0.51145,0.13793,0.98572
0.12939,0.50569,0.13722,0.98732
0.087975,0.53327,0.13746,0.98733
0.23704,0.51547,0.13793,0.98462
0.070044,0.55909,0.10345,0.98876
0.2218,0.51467,0.13793,0.98556
0.18475,0.50858,0.13793,0.98713
0.070421,0.5604,0.10345,0.98828
0.093213,0.52818,0.13793,0.98679
0.14986,0.50165,0.10345,0.98879
0.11024,0.51554,0.13793,0.98551
0.089185,0.53205,0.13793,0.9872
0.11616,0.51192,0.13793,0.98613
0.27003,0.52208,0.13793,0.98627
0.16979,0.50492,0.10345,0.98828
0.12475,0.50807,0.13793,0.98689
0.11619,0.51196,0.13793,0.98633
0.19947,0.51253,0.13793,0.98544
0.29459,0.52933,0.12047,0.9878
0.068684,0.56265,0.10345,0.98848
0.16951,0.5048,0.12226,0.98819
0.12341,0.50835,0.13793,0.9868
0.078501,0.54611,0.10345,0.98828
0.28262,0.52536,0.13793,0.98706
