0.18268,0.19554,0.10345,0
0.19685,0.19554,0.10345,0
0.2126,0.19802,0.10345,0
0.22992,0.20132,0.10345,0
0.24882,0.20545,0.10345,0
0.26457,0.2104,0.10345,0
0.26457,0.2104,0.10345,0
0.24095,0.20373,0.10345,0
0.22437,0.20026,0.10345,0
0.1897,0.19554,0.10345,0
0.18725,0.1961,0.10345,0
0.25367,0.20697,0.10345,0
0.19029,0.19554,0.10345,0
0.23625,0.20298,0.10345,0
0.2587,0.20886,0.10345,0
0.26457,0.2104,0.10345,0
0.26457,0.2104,0.10345,0
0.26142,0.20957,0.10345,0
0.19991,0.19697,0.10345,0
0.23357,0.20228,0.10345,0
0.19977,0.19696,0.10345,0
0.19753,0.19565,0.10345,0
0.1884,0.19554,0.10345,0
0.24264,0.2041,0.10345,0
0.25772,0.20824,0.10345,0
0.22928,0.2012,0.10345,0
0.20283,0.19801,0.10345,0
0.26457,0.2104,0.10345,0
0.21874,0.19937,0.10345,0
0.26457,0.2104,0.10345,0
0.25097,0.20683,0.10345,0
0.1948,0.19655,0.10345,0
0.21813,0.19907,0.10345,0
0.22362,0.20012,0.10345,0
0.19658,0.19669,0.10345,0
0.2117,0.19909,0.10345,0
0.26302,0.20991,0.10345,0
0.19401,0.19554,0.10345,0
0.2063,0.19703,0.10345,0
0.21612,0.19891,0.10345,0
0.26457,0.2104,0.10345,0
0.22814,0.20101,0.10345,0
0.21821,0.19928,0.10345,0
0.2442,0.20444,0.10345,0
0.26457,0.2104,0.10345,0
0.25994,0.20918,0.10345,0
0.24608,0.20555,0.10345,0
0.24192,0.20394,0.10345,0
0.20607,0.19748,0.10345,0
0.25188,0.20641,0.10345,0
0.2086,0.1976,0.10345,0
0.25181,0.20639,0.10345,0
0.24523,0.20466,0.10345,0
0.21097,0.19801,0.10345,0
0.24269,0.20466,0.10345,0
0.21142,0.19783,0.10345,0
0.18454,0.1957,0.10345,0
0.26457,0.2104,0.10345,0
0.26457,0.2104,0.10345,0
0.26457,0.2104,0.10345,0
0.26457,0.2104,0.10345,0
0.25035,0.20593,0.10345,0
0.19641,0.19668,0.10345,0
0.26058,0.20914,0.10345,0
0.20703,0.19756,0.10345,0
0.25446,0.20722,0.10345,0
0.20622,0.19842,0.10345,0
0.20574,0.1971,0.10345,0
0.25887,0.20861,0.10345,0
0.24777,0.20599,0.10345,0
0.18451,0.1957,0.10345,0
0.26457,0.2104,0.10345,0
0.20784,0.19763,0.10345,0
0.26114,0.20932,0.10345,0
0.26457,0.2104,0.10345,0
0.23443,0.20231,0.10345,0
0.23471,0.20257,0.10345,0
0.23916,0.20374,0.10345,0
0.20432,0.19672,0.10345,0
0.24406,0.20502,0.10345,0
0.25506,0.20791,0.10345,0
0.25408,0.20765,0.10345,0
0.23087,0.20157,0.10345,0
0.20085,0.19617,0.10345,0
0.23702,0.20287,0.10345,0
0.2158,0.19885,0.10345,0
0.1879,0.19554,0.10345,0
0.18396,0.19554,0.10345,0
0.20871,0.19741,0.10345,0
0.20177,0.1964,0.10345,0
0.223,0.2,0.10345,0
0.22496,0.20045,0.10345,0
0.26062,0.20916,0.10345,0
0.20749,0.1974,0.10345,0
