0.13858,0.19142,0.10345,0.98438
0.14331,0.18647,0.13793,0.9834
0.14646,0.17987,0.13793,0.9834
0.14803,0.17327,0.13793,0.98242
0.14961,0.16584,0.13793,0.98145
0.14803,0.15924,0.13793,0.98047
0.14803,0.15677,0.13793,0.98242
0.14803,0.15512,0.10345,0.9834
0.14646,0.15264,0.10345,0.9834
0.14646,0.15017,0.10345,0.9834
0.14803,0.1568,0.13793,0.98239
0.1487,0.17013,0.13793,0.98201
0.14742,0.17557,0.13793,0.9828
0.1478,0.15438,0.10345,0.9834
0.14403,0.16458,0.10345,0.9837
0.14771,0.17416,0.13793,0.98249
0.14731,0.15286,0.10345,0.9834
0.14657,0.16072,0.10345,0.98355
0.14445,0.16254,0.10345,0.98365
0.14798,0.15503,0.10345,0.9834
0.14821,0.15998,0.13793,0.98058
0.14226,0.17729,0.10345,0.98399
0.14646,0.15242,0.10345,0.9834
0.14433,0.18432,0.13793,0.9834
0.14949,0.16639,0.13793,0.98152
0.14959,0.16579,0.13793,0.98144
0.14751,0.17519,0.13793,0.98275
0.14472,0.1835,0.13793,0.9834
0.14688,0.15149,0.10345,0.9834
0.14664,0.15293,0.10345,0.9834
0.14952,0.16623,0.13793,0.9815
0.14485,0.18215,0.13793,0.98308
0.14948,0.16509,0.13793,0.98153
0.14591,0.18101,0.13793,0.9834
0.14803,0.15783,0.13793,0.98158
0.14029,0.18488,0.10345,0.9842
0.14748,0.17557,0.13793,0.98276
0.14264,0.17583,0.10345,0.98396
0.14712,0.17581,0.13793,0.98261
0.14646,0.15121,0.10345,0.9834
0.14941,0.16679,0.13793,0.98157
0.14897,0.16319,0.13793,0.98105
0.14813,0.17279,0.13793,0.98236
0.14858,0.16156,0.13793,0.98081
0.14703,0.15196,0.10345,0.9834
0.14798,0.15497,0.10345,0.9834
0.14662,0.16053,0.10345,0.98354
0.14814,0.17278,0.13793,0.98236
0.14332,0.18644,0.13793,0.9834
0.14953,0.16538,0.13793,0.9815
0.149,0.16331,0.13793,0.98107
0.13862,0.19122,0.10345,0.98437
0.14696,0.15342,0.10345,0.9834
0.148,0.15506,0.10345,0.9834
0.14671,0.15097,0.10345,0.9834
0.14609,0.15211,0.10345,0.98344
0.14116,0.17875,0.10345,0.98406
0.14686,0.15328,0.10345,0.9834
0.14664,0.15075,0.10345,0.9834
0.14577,0.1813,0.13793,0.9834
0.14436,0.18425,0.13793,0.9834
0.14803,0.16674,0.13793,0.98151
0.14803,0.15907,0.13793,0.98061
0.14544,0.1555,0.10345,0.98352
0.14803,0.17108,0.13793,0.98242
0.14803,0.16969,0.13793,0.98242
0.14929,0.16402,0.13793,0.98164
0.14935,0.16479,0.13793,0.98129
0.14679,0.17848,0.13793,0.98319
0.14803,0.15948,0.13793,0.9805
0.14868,0.1605,0.13793,0.98202
0.1409,0.1825,0.10345,0.98413
0.14912,0.16302,0.13793,0.98175
0.14567,0.18152,0.13793,0.9834
0.14756,0.17523,0.13793,0.98271
0.14803,0.16861,0.13793,0.98177
0.14803,0.15914,0.13793,0.98054
0.14758,0.17518,0.13793,0.9827
0.14529,0.1584,0.10345,0.98354
0.14713,0.15229,0.10345,0.9834
0.14251,0.17634,0.10345,0.98397
0.14803,0.16597,0.13793,0.98242
0.14943,0.16483,0.13793,0.98155
0.14646,0.15029,0.10345,0.9834
0.14737,0.17604,0.13793,0.98283
0.14803,0.15699,0.13793,0.98224
0.14699,0.15186,0.10345,0.9834
0.14867,0.17002,0.13793,0.98203
0.14803,0.16475,0.13793,0.98124
0.14803,0.15693,0.13793,0.98229
0.14771,0.1541,0.10345,0.9834
0.14803,0.15936,0.13793,0.98242
0.1451,0.18271,0.13793,0.9834
0.14766,0.15396,0.10345,0.9834
