0.11496,0.69802,0.10345,0.9873
0.12126,0.69142,0.13793,0.98535
0.12598,0.68152,0.13793,0.98535
0.12441,0.67079,0.13793,0.98633
0.12126,0.66089,0.13793,0.98633
0.11969,0.65264,0.13793,0.98633
0.11811,0.64439,0.10345,0.9873
0.11883,0.69396,0.12465,0.9861
0.11833,0.64556,0.10835,0.98717
0.11991,0.65194,0.11331,0.98703
0.12276,0.6656,0.13793,0.98633
0.123,0.68002,0.13793,0.98589
0.12071,0.65798,0.13793,0.98633
0.12126,0.68312,0.13793,0.98562
0.12126,0.67643,0.13793,0.98583
0.12151,0.65964,0.13793,0.98633
0.12163,0.68902,0.13793,0.98546
0.11839,0.69443,0.1222,0.98624
0.12433,0.6743,0.13793,0.98569
0.12471,0.67597,0.13793,0.98561
0.12203,0.68635,0.13793,0.98559
0.12059,0.65613,0.13793,0.98633
0.11963,0.65234,0.13666,0.98636
0.12303,0.6686,0.13793,0.98596
0.12517,0.68323,0.13793,0.98535
0.12564,0.68002,0.13793,0.98542
0.12325,0.68562,0.12937,0.98584
0.12141,0.67942,0.127,0.98664
0.11608,0.69479,0.10754,0.98719
0.12391,0.67248,0.13793,0.98578
0.1196,0.65063,0.1116,0.98707
0.12351,0.66795,0.13793,0.98633
0.12582,0.68082,0.13793,0.98538
0.12455,0.67525,0.13793,0.98565
0.12263,0.66332,0.12817,0.9866
0.12276,0.6656,0.13793,0.98633
0.11958,0.65054,0.11148,0.98708
0.12379,0.66885,0.13793,0.98633
0.1225,0.66478,0.13793,0.98633
0.12511,0.67558,0.13793,0.98589
0.1211,0.65809,0.13793,0.98633
0.1191,0.64956,0.12506,0.98669
0.1218,0.66259,0.13793,0.98633
0.1214,0.66149,0.13793,0.9863
0.11941,0.69336,0.12781,0.98592
0.1198,0.65306,0.13793,0.98633
0.12274,0.66555,0.13793,0.98633
0.12197,0.68753,0.12537,0.98606
0.1228,0.66575,0.13793,0.98633
0.12456,0.67179,0.13793,0.98624
0.12176,0.69038,0.13793,0.98535
0.12126,0.66988,0.13793,0.98604
0.11969,0.65269,0.13793,0.98633
0.11908,0.64948,0.12471,0.9867
0.1209,0.659,0.13793,0.98633
0.12506,0.6829,0.13505,0.98551
0.12419,0.67009,0.13793,0.98633
0.12224,0.66399,0.13793,0.98633
0.11932,0.65074,0.13,0.98655
0.12017,0.6552,0.12603,0.98667
0.12056,0.65721,0.13793,0.98633
0.12486,0.67386,0.13793,0.98605
0.12078,0.65683,0.13793,0.98633
0.11664,0.69626,0.11264,0.98678
0.12036,0.65616,0.13793,0.98633
0.12108,0.65996,0.13793,0.98633
0.12239,0.68905,0.13793,0.98535
0.12211,0.66355,0.13793,0.98633
0.12588,0.68081,0.13793,0.98542
0.11512,0.69778,0.10395,0.98728
0.12369,0.67287,0.1353,0.9864
0.12126,0.66485,0.13793,0.9862
0.12437,0.67091,0.13778,0.98633
0.12027,0.65568,0.13793,0.98633
0.11562,0.69613,0.10584,0.98724
0.11982,0.69293,0.13003,0.9858
0.12431,0.67047,0.13793,0.98633
0.12458,0.67538,0.13793,0.98564
0.12255,0.66495,0.13793,0.98633
0.12019,0.65456,0.13793,0.98633
0.11913,0.64972,0.12571,0.98667
0.12099,0.6595,0.13793,0.98633
0.12363,0.67124,0.13793,0.98584
0.12123,0.66072,0.13793,0.98633
0.12021,0.69251,0.13221,0.98568
0.1199,0.65347,0.13793,0.98633
0.12274,0.66553,0.13793,0.98633
0.12329,0.6665,0.13793,0.98633
0.12161,0.66148,0.13793,0.98603
0.12378,0.67188,0.13793,0.98581
0.12126,0.68927,0.13793,0.98542
0.12268,0.66537,0.13793,0.98633
0.12405,0.66967,0.13793,0.98633
0.12455,0.68453,0.13793,0.98535
