0.20472,0.10314,0.068966,0.98438
0.20945,0.099835,0.068966,0.98145
0.2126,0.09736,0.068966,0.98047
0.21575,0.094884,0.10345,0.97949
0.22047,0.090759,0.13793,0.97949
0.2252,0.084983,0.13793,0.97852
0.2252,0.084158,0.13793,0.97852
0.22835,0.078383,0.13793,0.97949
0.22992,0.071782,0.068966,0.97949
0.21595,0.092405,0.068966,0.98028
0.22713,0.080619,0.13793,0.97911
0.2112,0.098461,0.068966,0.9809
0.22524,0.083259,0.13793,0.97949
0.22723,0.075762,0.068966,0.97964
0.22323,0.087386,0.13793,0.97892
0.22378,0.080202,0.068966,0.98008
0.20866,0.10025,0.068966,0.98242
0.22635,0.08205,0.13793,0.97887
0.22602,0.078135,0.078447,0.97949
0.22363,0.082035,0.08427,0.97949
0.2222,0.088351,0.13793,0.97914
0.21022,0.099228,0.068966,0.98121
0.20946,0.099829,0.068966,0.98144
0.22465,0.085648,0.13793,0.97863
0.22532,0.083937,0.13793,0.97855
0.21315,0.09654,0.068966,0.98044
0.21672,0.089877,0.068966,0.98075
0.22284,0.083318,0.086185,0.97949
0.21247,0.095695,0.068966,0.98116
0.22773,0.079684,0.13793,0.9793
0.22461,0.079056,0.068966,0.98
0.20507,0.10289,0.068966,0.98416
0.22417,0.079656,0.068966,0.98004
0.21906,0.091996,0.12759,0.97949
0.22316,0.086532,0.13793,0.97949
0.22818,0.078726,0.13793,0.97944
0.2252,0.084277,0.13793,0.97852
0.22063,0.090508,0.13793,0.97949
0.2088,0.10014,0.068966,0.98235
0.20565,0.10198,0.068966,0.98419
0.22258,0.087442,0.13793,0.97949
0.20564,0.1025,0.068966,0.98381
0.22519,0.084165,0.13793,0.97852
0.2236,0.086385,0.13793,0.97885
0.22225,0.08796,0.13793,0.97949
0.22524,0.084071,0.13793,0.97853
0.2252,0.084464,0.13793,0.97852
0.2252,0.084213,0.13793,0.97852
0.22283,0.081501,0.068966,0.98017
0.22465,0.08492,0.13793,0.97863
0.2137,0.096497,0.080988,0.98013
0.22642,0.081407,0.13793,0.97949
0.21976,0.08571,0.068966,0.98046
0.21718,0.093379,0.10869,0.97934
0.21988,0.09128,0.13358,0.97949
0.22486,0.084629,0.13793,0.97859
0.20703,0.10144,0.068966,0.98323
0.22815,0.074203,0.068966,0.97966
0.22313,0.081093,0.068966,0.98014
0.21839,0.092119,0.11308,0.97922
0.21386,0.095491,0.068966,0.9804
0.2248,0.078798,0.068966,0.97998
0.22651,0.081753,0.13793,0.97892
0.22513,0.085065,0.13793,0.97853
0.21098,0.098546,0.068966,0.98127
0.22572,0.083887,0.13793,0.97868
0.2257,0.083932,0.13793,0.97867
0.2252,0.084841,0.13793,0.97852
0.22364,0.085783,0.13793,0.97949
0.2207,0.090443,0.13793,0.97945
0.21672,0.089873,0.068966,0.98075
0.21178,0.098001,0.068966,0.98072
0.21565,0.094964,0.10234,0.97952
0.21426,0.093244,0.068966,0.98099
0.21775,0.091616,0.098569,0.97949
0.20692,0.1016,0.068966,0.98301
0.21632,0.094389,0.10759,0.97949
0.22192,0.083598,0.068966,0.97994
0.22147,0.082301,0.068966,0.98113
0.22142,0.089439,0.13793,0.9793
0.22501,0.085216,0.13793,0.97856
0.21372,0.09648,0.081228,0.98012
0.22534,0.083102,0.13793,0.97949
0.21168,0.098034,0.068966,0.98093
0.22675,0.081719,0.13793,0.979
0.21208,0.097765,0.068966,0.98063
0.2252,0.084161,0.13793,0.97852
0.21994,0.0842,0.068966,0.98143
0.2282,0.078648,0.13793,0.97945
0.20975,0.099597,0.068966,0.98135
0.22026,0.090948,0.13635,0.97949
0.2252,0.084182,0.13793,0.97852
0.2252,0.084323,0.13793,0.97852
0.22825,0.078528,0.13793,0.97949
