0.3937,0.23762,0.10345,0.99316
0.4063,0.23597,0.13793,0.99121
0.40945,0.23515,0.13793,0.99121
0.41732,0.23102,0.10345,0.99219
0.42835,0.22442,0.068966,0.99219
0.44094,0.2203,0.034483,0.99219
0.39377,0.23761,0.1036,0.99316
0.40284,0.23643,0.12847,0.99175
0.41185,0.23255,0.10345,0.99241
0.40555,0.23607,0.13589,0.99133
0.41647,0.23147,0.1072,0.99208
0.40669,0.23587,0.13793,0.99121
0.41506,0.23221,0.11335,0.99191
0.43862,0.22115,0.037882,0.99224
0.40901,0.23335,0.10345,0.99253
0.39383,0.23758,0.10332,0.99316
0.40905,0.23525,0.13793,0.99121
0.41584,0.23144,0.10345,0.99225
0.41338,0.23309,0.12069,0.9917
0.40287,0.23618,0.12353,0.99203
0.41037,0.23467,0.1339,0.99133
0.41891,0.23008,0.098498,0.99219
0.39592,0.23727,0.10832,0.99289
0.42147,0.22854,0.090487,0.99219
0.41116,0.23275,0.10345,0.99244
0.40651,0.23592,0.13793,0.99121
0.40998,0.23165,0.079687,0.99283
0.42484,0.22652,0.079934,0.99219
0.40932,0.23518,0.13793,0.99121
0.40504,0.23614,0.13448,0.99141
0.41679,0.23126,0.10512,0.99214
0.43802,0.22126,0.04249,0.99219
0.4403,0.22051,0.036244,0.99219
0.43455,0.22239,0.05199,0.99219
0.4118,0.23392,0.12765,0.9915
0.40885,0.23339,0.10345,0.99254
0.39706,0.23669,0.10345,0.99303
0.42765,0.22469,0.069661,0.99221
0.42173,0.22838,0.089654,0.99219
0.40884,0.23531,0.13793,0.99121
0.41461,0.23224,0.11193,0.99195
0.40688,0.23571,0.13612,0.99126
0.41168,0.23356,0.12111,0.99169
0.41136,0.2337,0.12209,0.99166
0.40883,0.23531,0.13793,0.99121
0.41978,0.22955,0.095761,0.99219
0.40304,0.23406,0.09415,0.9929
0.39969,0.23684,0.11985,0.99224
0.42326,0.22747,0.084868,0.99219
0.41359,0.23298,0.11978,0.99172
0.41854,0.23029,0.099641,0.99219
0.39815,0.23692,0.11319,0.99261
0.42619,0.22571,0.05602,0.99249
0.43985,0.2208,0.03769,0.99219
0.44007,0.22058,0.036877,0.99219
0.41395,0.23279,0.1182,0.99177
0.42404,0.227,0.082444,0.99219
0.43977,0.22068,0.037712,0.99219
0.42608,0.22578,0.076053,0.99219
0.41098,0.23104,0.086247,0.99268
0.40816,0.23549,0.13793,0.99121
0.42013,0.22755,0.077141,0.99242
0.41183,0.23256,0.10345,0.99241
0.40386,0.23603,0.1257,0.9919
0.40785,0.2354,0.13443,0.99141
0.42931,0.22558,0.068447,0.99219
0.40575,0.23605,0.13642,0.9913
0.39929,0.23674,0.1157,0.99247
0.40475,0.23618,0.13368,0.99145
0.40916,0.23519,0.1373,0.99125
0.4075,0.23543,0.13418,0.99132
0.42839,0.22441,0.068852,0.99219
0.40866,0.23536,0.13793,0.99121
0.43904,0.22092,0.03969,0.99219
0.42328,0.22746,0.084818,0.99219
0.41288,0.23032,0.084362,0.99262
0.44075,0.22036,0.03501,0.99219
0.40587,0.23571,0.1301,0.99165
0.42804,0.22454,0.069271,0.9922
0.4164,0.23128,0.10345,0.99223
0.42778,0.22476,0.070746,0.99219
0.40189,0.23655,0.12586,0.99189
0.41814,0.23053,0.1009,0.99219
0.40902,0.23526,0.13793,0.99121
0.40194,0.23532,0.10345,0.99282
0.44077,0.22036,0.034736,0.99219
0.43037,0.2251,0.06536,0.99219
0.43923,0.22108,0.03949,0.99219
0.3946,0.23748,0.10542,0.99305
0.41245,0.23357,0.12477,0.99158
0.43007,0.22429,0.050358,0.99241
0.41108,0.23429,0.13079,0.99141
0.42525,0.22628,0.078645,0.99219
0.42887,0.22425,0.067541,0.99219
