0.35906,0.36716,0.13793,0.98828
0.38583,0.36304,0.13793,0.98633
0.4189,0.36056,0.13793,0.98535
0.46772,0.36056,0.13793,0.98438
0.51024,0.37541,0.13793,0.98438
0.45332,0.361,0.13793,0.98472
0.37383,0.36626,0.13793,0.98775
0.41582,0.36602,0.13793,0.98586
0.49771,0.37338,0.13793,0.98451
0.4559,0.36092,0.13793,0.98466
0.3994,0.36471,0.13793,0.98683
0.36496,0.36625,0.13793,0.98785
0.40534,0.36435,0.13793,0.98662
0.41542,0.36082,0.13793,0.98545
0.45671,0.36123,0.13793,0.98477
0.44023,0.36056,0.13793,0.98492
0.36656,0.36633,0.13793,0.98791
0.49601,0.37044,0.13793,0.98438
0.45172,0.3659,0.13793,0.985
0.41839,0.36356,0.13793,0.98615
0.48044,0.365,0.13793,0.98438
0.39935,0.36272,0.13793,0.98631
0.50491,0.37355,0.13793,0.98438
0.39804,0.36212,0.13793,0.98597
0.40206,0.36182,0.13793,0.98585
0.47138,0.36184,0.13793,0.98438
0.37922,0.36405,0.13793,0.98681
0.40948,0.36127,0.13793,0.98563
0.49224,0.36913,0.13793,0.98438
0.40704,0.36187,0.13793,0.98593
0.36179,0.36674,0.13793,0.98808
0.38822,0.36286,0.13793,0.98626
0.49598,0.37309,0.13793,0.98453
0.49799,0.37113,0.13793,0.98438
0.44908,0.36056,0.13793,0.98475
0.40964,0.36125,0.13793,0.98562
0.36199,0.36671,0.13793,0.98807
0.45216,0.36597,0.13793,0.985
0.46569,0.36056,0.13793,0.98442
0.40239,0.3618,0.13793,0.98584
0.41416,0.36381,0.13793,0.9863
0.36088,0.36705,0.13793,0.98822
0.37621,0.36612,0.13793,0.98766
0.37804,0.36424,0.13793,0.9869
0.39897,0.36276,0.13793,0.98633
0.3913,0.3636,0.13793,0.9867
0.3977,0.36268,0.13793,0.98604
0.41378,0.36113,0.13793,0.9856
0.40055,0.36193,0.13793,0.98589
0.37236,0.36569,0.13793,0.98763
0.36756,0.36622,0.13793,0.98786
0.42013,0.36056,0.13793,0.98533
0.40664,0.36427,0.13793,0.98657
0.37941,0.36402,0.13793,0.9868
0.47073,0.36161,0.13793,0.98438
0.39585,0.3631,0.13793,0.98648
0.43242,0.36163,0.13793,0.98522
0.36403,0.36639,0.13793,0.98792
0.45567,0.36129,0.13793,0.98481
0.39524,0.36275,0.13793,0.9861
0.4492,0.36056,0.13793,0.98475
0.48819,0.36771,0.13793,0.98438
0.43144,0.36056,0.13793,0.9851
0.39009,0.36346,0.13793,0.98626
0.37733,0.36515,0.13793,0.98739
0.37836,0.36419,0.13793,0.98687
0.45017,0.36109,0.13793,0.98479
0.46685,0.3711,0.13793,0.98506
0.48725,0.36739,0.13793,0.98438
0.37648,0.36448,0.13793,0.98701
0.42716,0.36179,0.13793,0.98534
0.38084,0.3638,0.13793,0.98669
0.39418,0.36329,0.13793,0.98656
0.41934,0.36637,0.13793,0.9858
0.4142,0.36091,0.13793,0.98549
0.41411,0.36109,0.13793,0.98559
0.40984,0.36156,0.13793,0.9858
0.47147,0.36187,0.13793,0.98438
0.49731,0.37331,0.13793,0.98451
0.38852,0.36295,0.13793,0.98626
0.36585,0.36611,0.13793,0.98779
0.36803,0.36578,0.13793,0.98763
0.47961,0.36471,0.13793,0.98438
0.40705,0.36145,0.13793,0.9857
0.42349,0.36056,0.13793,0.98526
0.42795,0.36056,0.13793,0.98517
0.48038,0.36498,0.13793,0.98438
0.44136,0.36136,0.13793,0.985
0.36239,0.36665,0.13793,0.98804
0.38693,0.36409,0.13793,0.98692
0.4983,0.37124,0.13793,0.98438
0.40994,0.36407,0.13793,0.98645
0.46065,0.36099,0.13793,0.98463
0.3591,0.36716,0.13793,0.98828
