0.20315,0.11221,0.13793,0.98145
0.1937,0.11304,0.13793,0.98047
0.18583,0.11304,0.13793,0.97949
0.18425,0.11469,0.13793,0.97852
0.1874,0.11139,0.13793,0.97949
0.19213,0.10891,0.13793,0.98047
0.19528,0.10644,0.13793,0.98145
0.19528,0.10479,0.13793,0.98242
0.1937,0.10149,0.13793,0.9834
0.20787,0.093234,0.13793,0.9834
0.18918,0.11045,0.13793,0.97986
0.1976,0.10814,0.13793,0.98145
0.19963,0.11116,0.13793,0.98113
0.19528,0.10629,0.13793,0.98153
0.19864,0.11086,0.13793,0.98105
0.19435,0.10353,0.13793,0.98259
0.18733,0.11146,0.13793,0.97949
0.19615,0.10561,0.13793,0.98231
0.1874,0.11139,0.13793,0.97949
0.1916,0.10919,0.13793,0.98036
0.19445,0.10305,0.13793,0.98293
0.18568,0.11319,0.13793,0.9794
0.18741,0.11138,0.13793,0.97949
0.19446,0.10387,0.13793,0.98246
0.19282,0.10837,0.13793,0.98068
0.1934,0.11225,0.13793,0.98047
0.19503,0.10663,0.13793,0.98137
0.18811,0.11102,0.13793,0.97964
0.19011,0.1121,0.13793,0.97991
0.1877,0.11146,0.13793,0.97954
0.19528,0.10551,0.13793,0.982
0.18842,0.11085,0.13793,0.9797
0.19862,0.10889,0.13793,0.98145
0.18483,0.11408,0.13793,0.97888
0.18575,0.11312,0.13793,0.97944
0.1848,0.11411,0.13793,0.97869
0.18673,0.11425,0.13793,0.97903
0.19999,0.1099,0.13793,0.98145
0.18492,0.11398,0.13793,0.97872
0.18542,0.11346,0.13793,0.97924
0.1929,0.11095,0.13793,0.98047
0.20154,0.11103,0.13793,0.98145
0.1844,0.11453,0.13793,0.97856
0.18636,0.11248,0.13793,0.97949
0.1924,0.10964,0.13793,0.98047
0.19065,0.11304,0.13793,0.98009
0.19024,0.1099,0.13793,0.98008
0.18551,0.11337,0.13793,0.97929
0.18535,0.11353,0.13793,0.9792
0.20047,0.10968,0.13793,0.98178
0.18707,0.11174,0.13793,0.97939
0.1894,0.11034,0.13793,0.97991
0.18811,0.11102,0.13793,0.97964
0.19719,0.10784,0.13793,0.98145
0.19394,0.10748,0.13793,0.98103
0.18965,0.11304,0.13793,0.97997
0.19512,0.10593,0.13793,0.98164
0.19499,0.10419,0.13793,0.9826
0.1936,0.11277,0.13793,0.98047
0.19917,0.10929,0.13793,0.98145
0.20221,0.11132,0.13793,0.98156
0.19401,0.10743,0.13793,0.98105
0.19262,0.1102,0.13793,0.98047
0.19528,0.10609,0.13793,0.98165
0.19474,0.10366,0.13793,0.98276
0.19784,0.10243,0.13793,0.98262
0.19006,0.11208,0.13793,0.9799
0.19838,0.10871,0.13793,0.98145
0.19665,0.11026,0.13793,0.98087
0.1924,0.10962,0.13793,0.98047
0.19528,0.10538,0.13793,0.98207
0.18823,0.11399,0.13793,0.97934
0.18504,0.11386,0.13793,0.97901
0.19219,0.10907,0.13793,0.98047
0.18546,0.11343,0.13793,0.97926
0.19462,0.10436,0.13793,0.98226
0.2035,0.095782,0.13793,0.9834
0.19444,0.11297,0.13793,0.98055
0.20261,0.11181,0.13793,0.98145
0.1891,0.1105,0.13793,0.97984
0.18594,0.11291,0.13793,0.97949
0.19519,0.10618,0.13793,0.98155
0.1879,0.11113,0.13793,0.97959
0.18672,0.1121,0.13793,0.97949
0.19528,0.10564,0.13793,0.98191
0.19159,0.11248,0.13793,0.98014
0.18586,0.113,0.13793,0.97901
0.18851,0.11168,0.13793,0.97966
0.20192,0.11184,0.13793,0.98134
0.1874,0.11304,0.13793,0.97969
0.19231,0.10877,0.13793,0.98052
0.19465,0.10347,0.13793,0.98281
0.18542,0.11347,0.13793,0.97888
0.19465,0.10347,0.13793,0.98281
