0.051969,0.63449,0.10345,0
0.055118,0.62129,0.13793,0
0.058268,0.60809,0.13793,0
0.059843,0.59488,0.13793,0
0.062992,0.58086,0.13793,0
0.064567,0.56766,0.13793,0
0.066142,0.55446,0.13793,0
0.067717,0.54125,0.13793,0
0.070866,0.5264,0.13793,0
0.074016,0.51155,0.13793,0
0.075591,0.49587,0.13793,0
0.080315,0.47772,0.10345,0
0.086614,0.45297,0.10345,0
0.085355,0.45792,0.10345,0
0.061725,0.58816,0.13793,0
0.064601,0.56737,0.13793,0
0.075066,0.5011,0.13793,0
0.064444,0.56868,0.13793,0
0.063814,0.57397,0.13793,0
0.065938,0.55616,0.13793,0
0.059021,0.60177,0.13793,0
0.06333,0.57802,0.13793,0
0.07019,0.52959,0.13793,0
0.067089,0.54652,0.13793,0
0.069106,0.53685,0.13793,0
0.07819,0.48589,0.11896,0
0.079965,0.48389,0.12165,0
0.071294,0.52439,0.13793,0
0.065083,0.56333,0.13793,0
0.058051,0.60389,0.13009,0
0.065864,0.55679,0.13793,0
0.079335,0.48149,0.1106,0
0.063831,0.57382,0.13793,0
0.057464,0.61146,0.13793,0
0.061361,0.58812,0.13793,0
0.058515,0.60601,0.13793,0
0.066309,0.55305,0.13793,0
0.064967,0.5643,0.13793,0
0.057133,0.61002,0.13793,0
0.052066,0.634,0.10387,0
0.073582,0.50885,0.13793,0
0.084783,0.4601,0.10918,0
0.072231,0.51997,0.13793,0
0.072082,0.52067,0.13793,0
0.059435,0.5983,0.13793,0
0.057903,0.60961,0.13793,0
0.064309,0.56982,0.13793,0
0.059872,0.59475,0.13793,0
0.059396,0.59738,0.13793,0
0.074475,0.50698,0.13793,0
0.057938,0.60947,0.13793,0
0.069556,0.53258,0.13793,0
0.077407,0.49334,0.11937,0
0.077822,0.49111,0.1171,0
0.053895,0.6248,0.11188,0
0.085908,0.45572,0.10566,0
0.064553,0.56777,0.13793,0
0.064654,0.56693,0.13793,0
0.06574,0.55782,0.13793,0
0.071566,0.5231,0.13793,0
0.059638,0.59591,0.13704,0
0.07307,0.51601,0.13793,0
0.079735,0.48083,0.10662,0
0.071312,0.5243,0.13793,0
0.074158,0.51014,0.13793,0
0.069835,0.53127,0.13793,0
0.067179,0.54576,0.13793,0
0.079665,0.48022,0.10819,0
0.08057,0.48107,0.11999,0
0.064053,0.57196,0.13793,0
0.076846,0.49105,0.12877,0
0.05871,0.60554,0.13793,0
0.08588,0.45586,0.10345,0
0.05937,0.59885,0.13793,0
0.054588,0.62351,0.13213,0
0.064313,0.56978,0.13793,0
0.067846,0.54064,0.13793,0
0.076436,0.49263,0.13176,0
0.080962,0.47925,0.11892,0
0.064963,0.56434,0.13793,0
0.078634,0.48675,0.11265,0
0.073076,0.51598,0.13793,0
0.063197,0.57914,0.13793,0
0.059028,0.60171,0.13793,0
0.068061,0.53963,0.13793,0
0.074912,0.50263,0.13793,0
0.064156,0.5711,0.13793,0
0.065818,0.55717,0.13793,0
0.06546,0.56017,0.13793,0
0.061556,0.58725,0.13793,0
0.057465,0.60817,0.13793,0
0.053485,0.62813,0.12005,0
0.053087,0.62886,0.10835,0
0.057841,0.60607,0.13793,0
