0.20945,0.17904,0.10345,0.9834
0.21732,0.18317,0.10345,0.98242
0.23307,0.18729,0.13793,0.98242
0.2378,0.18729,0.13793,0.98145
0.24094,0.18564,0.13793,0.98047
0.24882,0.18317,0.13793,0.98145
0.26457,0.17904,0.10345,0.98242
0.2399,0.18651,0.13793,0.98145
0.23325,0.18729,0.13793,0.98238
0.21063,0.17904,0.10345,0.98338
0.23487,0.18729,0.13793,0.98205
0.24705,0.18383,0.13793,0.98145
0.23955,0.1856,0.13793,0.98202
0.26052,0.1801,0.11231,0.98217
0.25277,0.18007,0.10345,0.98242
0.26064,0.17904,0.10345,0.98249
0.2146,0.18174,0.10345,0.98276
0.21553,0.18223,0.10345,0.98264
0.24014,0.18544,0.13793,0.98198
0.24352,0.18484,0.13793,0.98079
0.25716,0.17969,0.10345,0.98242
0.24598,0.18423,0.13793,0.98145
0.24085,0.17904,0.10345,0.98284
0.21858,0.18223,0.11678,0.98302
0.24706,0.18057,0.10345,0.98242
0.2399,0.18619,0.13793,0.98079
0.23478,0.18729,0.13793,0.98207
0.24009,0.18118,0.10345,0.98242
0.24709,0.18371,0.13793,0.98123
0.24507,0.18457,0.13793,0.98145
0.22458,0.18433,0.12554,0.98277
0.23685,0.18729,0.13793,0.98164
0.24271,0.18509,0.13793,0.98069
0.21339,0.18111,0.10345,0.98291
0.24713,0.1837,0.13793,0.98124
0.23396,0.18711,0.13793,0.9822
0.23879,0.18677,0.13793,0.98114
0.24485,0.18442,0.13793,0.98095
0.23591,0.1867,0.13793,0.98172
0.24663,0.18399,0.13793,0.98145
0.23975,0.17904,0.10345,0.98286
0.24949,0.17904,0.10345,0.98269
0.23375,0.18729,0.13793,0.98228
0.2339,0.18708,0.13793,0.98237
0.24511,0.18414,0.13793,0.98168
0.26324,0.17904,0.10345,0.98245
0.23891,0.18607,0.13793,0.98097
0.23351,0.18729,0.13793,0.98233
0.243,0.18469,0.13793,0.98181
0.25299,0.18005,0.10345,0.98242
0.23806,0.18715,0.13793,0.98136
0.25467,0.17991,0.10345,0.98242
0.22441,0.18255,0.10345,0.98242
0.24583,0.18411,0.13793,0.98107
0.22579,0.18243,0.10345,0.98242
0.21123,0.17966,0.10605,0.98332
0.24648,0.18378,0.13793,0.98159
0.21562,0.18228,0.10345,0.98263
0.23635,0.18729,0.13793,0.98175
0.24181,0.18579,0.13793,0.98145
0.24679,0.18381,0.13793,0.98119
0.23592,0.18729,0.13793,0.98183
0.24543,0.17904,0.10345,0.98276
0.26386,0.17923,0.105,0.98238
0.24602,0.18405,0.13793,0.9811
0.23475,0.18729,0.13793,0.98208
0.24184,0.18536,0.13793,0.98058
0.25376,0.18187,0.12711,0.98175
0.23606,0.18651,0.13793,0.98224
0.23788,0.18725,0.13793,0.98142
0.22825,0.18603,0.12737,0.98242
0.23842,0.18133,0.10345,0.98242
0.24781,0.18051,0.10345,0.98242
0.26068,0.17904,0.10345,0.98249
0.23525,0.18729,0.13793,0.98197
0.22666,0.18235,0.10345,0.98242
0.21374,0.18129,0.10345,0.98287
0.22702,0.18571,0.12468,0.98242
0.23781,0.1863,0.13793,0.98125
0.26004,0.18023,0.11336,0.98214
0.23858,0.18688,0.13793,0.9812
0.26454,0.17905,0.10345,0.98242
0.25041,0.18028,0.10345,0.98242
0.23972,0.18628,0.13793,0.98085
0.23112,0.18661,0.13509,0.9825
0.2159,0.18242,0.10345,0.9826
0.22895,0.18622,0.12892,0.98242
0.24037,0.18633,0.13793,0.98145
0.24101,0.18562,0.13793,0.98048
0.21854,0.17904,0.10345,0.98324
0.24007,0.1861,0.13793,0.98074
0.23809,0.18714,0.13793,0.98136
0.26025,0.18017,0.1129,0.98215
0.23931,0.18599,0.13793,0.98087
