0.10394,0.717,0.13793,0.98438
0.11811,0.71617,0.13793,0.98438
0.12598,0.71617,0.13793,0.9834
0.13071,0.71452,0.13793,0.98438
0.13701,0.71122,0.13793,0.98438
0.14331,0.70792,0.13793,0.98438
0.14646,0.70627,0.10345,0.98535
0.13022,0.713,0.13793,0.98438
0.13479,0.71238,0.13793,0.98438
0.13043,0.71455,0.13793,0.98438
0.1354,0.71206,0.13793,0.98438
0.13027,0.71467,0.13793,0.98428
0.14353,0.7078,0.13544,0.98445
0.11364,0.71643,0.13793,0.98438
0.14505,0.70701,0.11888,0.98491
0.10885,0.71671,0.13793,0.98438
0.13017,0.71459,0.13793,0.98438
0.13176,0.71397,0.13793,0.98438
0.13765,0.71088,0.13793,0.98438
0.14569,0.70667,0.11181,0.98511
0.14518,0.70694,0.11744,0.98496
0.12682,0.71588,0.13793,0.98357
0.13701,0.71122,0.13793,0.98438
0.13064,0.71453,0.13793,0.98438
0.13249,0.7124,0.13793,0.98438
0.12161,0.71617,0.13793,0.98394
0.11385,0.71663,0.13793,0.98394
0.14517,0.70695,0.11759,0.98495
0.12706,0.7158,0.13793,0.98362
0.12126,0.71539,0.13793,0.98438
0.12029,0.7156,0.13793,0.98438
0.13575,0.71188,0.12689,0.98469
0.13403,0.71278,0.13793,0.98438
0.12815,0.71542,0.13793,0.98385
0.11907,0.71617,0.13793,0.98426
0.10546,0.71691,0.13793,0.98438
0.10531,0.71692,0.13793,0.98438
0.12966,0.71452,0.13793,0.98372
0.13902,0.71017,0.13793,0.98438
0.14426,0.70742,0.12753,0.98467
0.12484,0.71617,0.13793,0.98354
0.12156,0.71617,0.13793,0.98395
0.14475,0.70716,0.12209,0.98482
0.13885,0.71026,0.13793,0.98438
0.10657,0.7169,0.13793,0.98426
0.12272,0.71629,0.13793,0.98354
0.13352,0.71305,0.13177,0.98455
0.14544,0.7068,0.10714,0.98525
0.14564,0.7067,0.1124,0.9851
0.13733,0.71105,0.13793,0.98438
0.13431,0.71243,0.13793,0.98414
0.12456,0.71617,0.13793,0.98358
0.13069,0.71452,0.13793,0.98438
0.12635,0.71604,0.13793,0.98347
0.12378,0.71617,0.13793,0.98367
0.13617,0.7116,0.13793,0.9843
0.11853,0.71606,0.13793,0.98438
0.13276,0.71345,0.13343,0.9845
0.14305,0.70804,0.13793,0.98436
0.1276,0.71561,0.13793,0.98373
0.12076,0.71617,0.13793,0.98405
0.12458,0.71617,0.13793,0.98357
0.12951,0.71494,0.13793,0.98413
0.10792,0.71677,0.13793,0.98438
0.14498,0.70704,0.10668,0.98526
0.12339,0.71617,0.13793,0.98372
0.12924,0.71503,0.13793,0.98407
0.11889,0.71607,0.13793,0.98438
0.11658,0.71626,0.13793,0.98438
0.13854,0.71042,0.13233,0.98453
0.12978,0.71485,0.13793,0.98418
0.14319,0.70798,0.13793,0.98438
0.11595,0.7163,0.13793,0.98438
0.1309,0.71442,0.13793,0.98438
0.13345,0.71282,0.13793,0.98406
0.12256,0.71559,0.13793,0.98438
0.13449,0.71235,0.13793,0.98415
0.12581,0.71618,0.13793,0.98341
0.14482,0.70713,0.10944,0.98518
0.1276,0.71561,0.13793,0.98373
0.14006,0.70962,0.13793,0.98438
0.1437,0.70772,0.13368,0.9845
0.13581,0.71185,0.12675,0.98469
0.12101,0.71636,0.13793,0.98362
0.10741,0.71668,0.13793,0.98438
0.14129,0.70898,0.11476,0.98503
0.14449,0.7073,0.12502,0.98474
0.12942,0.71497,0.13793,0.98411
0.11404,0.71606,0.13793,0.98438
0.13192,0.71388,0.13793,0.98438
0.12501,0.71617,0.13793,0.98352
0.13128,0.71422,0.13793,0.98438
0.12296,0.7149,0.13793,0.98438
0.13385,0.71287,0.13793,0.98438
