0.1685,0.5429,0.10345,0.98535
0.1748,0.53135,0.10345,0.98535
0.1811,0.52063,0.10345,0.98535
0.1874,0.50825,0.10345,0.98535
0.20157,0.49422,0.10345,0.98535
0.21417,0.48185,0.10345,0.98535
0.22835,0.46865,0.10345,0.98535
0.24252,0.45792,0.13793,0.98438
0.25512,0.44802,0.13793,0.98438
0.26929,0.43894,0.13793,0.98438
0.28031,0.42904,0.13793,0.98438
0.28819,0.42409,0.13793,0.98438
0.29291,0.41667,0.13793,0.98438
0.30079,0.41089,0.13793,0.98438
0.30394,0.40264,0.13793,0.98535
0.30236,0.39356,0.13793,0.98535
0.29291,0.38284,0.10345,0.98535
0.17385,0.53311,0.10345,0.98535
0.22004,0.47638,0.10345,0.98535
0.19636,0.49939,0.10345,0.98535
0.28965,0.41987,0.13793,0.98438
0.17106,0.53822,0.10345,0.98535
0.21874,0.47759,0.10345,0.98535
0.2109,0.48507,0.10345,0.98535
0.20992,0.48603,0.10345,0.98535
0.29061,0.41893,0.13793,0.98438
0.28674,0.42273,0.13793,0.98438
0.29703,0.38752,0.11848,0.98535
0.29628,0.39485,0.11821,0.98493
0.28531,0.42635,0.13793,0.98438
0.18663,0.50977,0.10345,0.98535
0.30019,0.41152,0.13793,0.98438
0.19695,0.49883,0.10345,0.98535
0.3,0.41172,0.13793,0.98438
0.18354,0.51584,0.10345,0.98535
0.17021,0.53977,0.10345,0.98535
0.30092,0.39192,0.13266,0.98535
0.2495,0.45258,0.13793,0.98438
0.17946,0.52342,0.10345,0.98535
0.24552,0.45557,0.13793,0.98438
0.25195,0.45051,0.13793,0.98438
0.18999,0.50569,0.10345,0.98535
0.17925,0.52391,0.10345,0.98535
0.19491,0.50082,0.10345,0.98535
0.17629,0.52914,0.10345,0.98535
0.17725,0.52718,0.10345,0.98535
0.24772,0.45423,0.13793,0.98438
0.27953,0.42975,0.13793,0.98438
0.28386,0.42681,0.13793,0.98438
0.24629,0.45496,0.13793,0.98438
0.20345,0.49238,0.10345,0.98535
0.29788,0.41394,0.13793,0.98438
0.1877,0.50795,0.10345,0.98535
0.26656,0.44069,0.13793,0.98438
0.27067,0.43631,0.13793,0.98438
0.18626,0.51049,0.10345,0.98535
0.2818,0.42759,0.13793,0.98438
0.17769,0.52643,0.10345,0.98535
0.29946,0.39461,0.12394,0.98535
0.18274,0.5168,0.10345,0.98535
0.21437,0.48166,0.10345,0.98535
0.29826,0.40987,0.13793,0.98485
0.204,0.49184,0.10345,0.98535
0.25073,0.45147,0.13793,0.98438
0.30209,0.39423,0.13793,0.98532
0.28037,0.42901,0.13793,0.98438
0.18246,0.51732,0.10345,0.98535
0.17073,0.53898,0.10345,0.98535
0.23607,0.4628,0.12223,0.98482
0.24688,0.4545,0.13793,0.98438
0.18988,0.5058,0.10345,0.98535
0.2114,0.48458,0.10345,0.98535
0.21219,0.48379,0.10345,0.98535
0.1916,0.50409,0.10345,0.98535
0.22495,0.4719,0.10345,0.98535
0.22209,0.47448,0.10345,0.98535
0.19715,0.49861,0.10345,0.98535
0.20541,0.49045,0.10345,0.98535
0.1794,0.52353,0.10345,0.98535
0.22492,0.47184,0.10345,0.98535
0.30038,0.39624,0.12679,0.98535
0.29479,0.3862,0.10931,0.98535
0.30344,0.40394,0.13793,0.9852
0.21493,0.48114,0.10345,0.98535
0.28473,0.42471,0.13793,0.98438
0.17676,0.52777,0.10345,0.98535
0.18888,0.50679,0.10345,0.98535
0.17549,0.53018,0.10345,0.98535
0.30008,0.39571,0.12587,0.98535
0.26923,0.43898,0.13793,0.98438
0.29332,0.41567,0.13793,0.98442
0.26788,0.43995,0.13793,0.98438
0.18248,0.51727,0.10345,0.98535
0.303,0.4051,0.13793,0.98506
