0.20945,0.12129,0.13793,0.9834
0.20945,0.11469,0.13793,0.9834
0.21102,0.10891,0.13793,0.98242
0.2126,0.10314,0.13793,0.98145
0.21732,0.09736,0.13793,0.98242
0.22362,0.092409,0.13793,0.98242
0.22992,0.087459,0.13793,0.98242
0.23937,0.080033,0.13793,0.9834
0.24882,0.071782,0.13793,0.98438
0.2116,0.10678,0.13793,0.98206
0.2455,0.074496,0.13793,0.98412
0.2193,0.096618,0.13793,0.98204
0.21128,0.10796,0.13793,0.98226
0.21041,0.11118,0.13793,0.9828
0.2446,0.075466,0.13793,0.98394
0.21056,0.1106,0.13793,0.98271
0.21589,0.099929,0.13793,0.98174
0.21206,0.1051,0.13793,0.98178
0.23419,0.084101,0.13793,0.98286
0.223,0.092896,0.13793,0.98242
0.21167,0.10653,0.13793,0.98202
0.21211,0.10493,0.13793,0.98175
0.21911,0.0968,0.13793,0.98202
0.22344,0.092585,0.13793,0.98241
0.24649,0.073815,0.13793,0.98413
0.21906,0.095995,0.13793,0.98242
0.21171,0.10638,0.13793,0.98199
0.24418,0.075836,0.13793,0.9839
0.23824,0.080925,0.13793,0.98328
0.22489,0.091414,0.13793,0.98242
0.24008,0.07903,0.13793,0.98347
0.21079,0.11358,0.13793,0.98257
0.21599,0.098989,0.13793,0.98215
0.23043,0.087057,0.13793,0.98247
0.22533,0.091069,0.13793,0.98242
0.21519,0.10127,0.13793,0.98242
0.23445,0.083901,0.13793,0.98309
0.22289,0.093126,0.13793,0.98236
0.23768,0.081359,0.13793,0.98322
0.21056,0.1106,0.13793,0.98271
0.23927,0.080108,0.13793,0.98339
0.22542,0.090996,0.13793,0.98242
0.24121,0.07843,0.13793,0.98359
0.21782,0.096965,0.13793,0.98242
0.24312,0.076761,0.13793,0.98379
0.21802,0.09681,0.13793,0.98242
0.23286,0.085023,0.13793,0.98273
0.20977,0.11352,0.13793,0.9832
0.21474,0.10052,0.13793,0.98189
0.22406,0.092063,0.13793,0.98242
0.21234,0.10464,0.13793,0.98161
0.21938,0.095741,0.13793,0.98242
0.2352,0.08331,0.13793,0.98314
0.24551,0.074668,0.13793,0.98403
0.20945,0.11841,0.13793,0.9834
0.24065,0.078919,0.13793,0.98353
0.2188,0.096199,0.13793,0.98242
0.24452,0.075346,0.13793,0.98393
0.21886,0.09615,0.13793,0.98242
0.20945,0.11891,0.13793,0.9834
0.20945,0.11669,0.13793,0.9834
0.21058,0.11055,0.13793,0.9827
0.21002,0.1168,0.13793,0.98304
0.24526,0.074697,0.13793,0.9841
0.22472,0.091548,0.13793,0.98242
0.23504,0.08344,0.13793,0.98295
0.2436,0.076054,0.13793,0.98397
0.21427,0.10109,0.13793,0.98179
0.23382,0.084398,0.13793,0.98282
0.20945,0.11855,0.13793,0.9834
0.20993,0.11747,0.13793,0.9831
0.23664,0.081885,0.13793,0.98312
0.22289,0.092985,0.13793,0.98242
0.20945,0.11527,0.13793,0.9834
0.23542,0.082752,0.13793,0.98334
0.24343,0.076196,0.13793,0.98396
0.21168,0.10651,0.13793,0.98202
0.21697,0.098886,0.13793,0.98183
0.20945,0.12122,0.13793,0.9834
0.22017,0.095121,0.13793,0.98242
0.21278,0.10291,0.13793,0.98148
0.23743,0.081228,0.13793,0.9832
0.21149,0.10722,0.13793,0.98214
0.20945,0.12037,0.13793,0.9834
0.24089,0.078273,0.13793,0.98376
0.22694,0.089803,0.13793,0.98242
0.22264,0.093185,0.13793,0.98242
0.21025,0.11667,0.13793,0.9829
0.21335,0.1024,0.13793,0.98151
0.21252,0.10342,0.13793,0.98149
0.24551,0.074669,0.13793,0.98403
0.21119,0.1083,0.13793,0.98232
0.22939,0.087878,0.13793,0.98242
0.21632,0.099566,0.13793,0.98255
