0.22677,0.093234,0.10345,0.98242
0.23307,0.090759,0.13793,0.98242
0.24252,0.086634,0.13793,0.98242
0.25197,0.082508,0.13793,0.98242
0.26142,0.080033,0.13793,0.98242
0.26457,0.079208,0.13793,0.98242
0.26929,0.075908,0.13793,0.98242
0.28031,0.071782,0.10345,0.9834
0.26663,0.076921,0.13793,0.98242
0.23565,0.089511,0.1229,0.98242
0.24326,0.08631,0.13793,0.98242
0.26919,0.075978,0.13793,0.98242
0.23667,0.089187,0.13793,0.98242
0.2718,0.074968,0.13008,0.98264
0.25558,0.081563,0.13793,0.98242
0.22954,0.092146,0.11861,0.98242
0.23595,0.08967,0.13793,0.98242
0.26857,0.076414,0.13793,0.98242
0.26646,0.077884,0.13793,0.98242
0.26636,0.077441,0.13793,0.98242
0.25312,0.082068,0.13793,0.98242
0.2368,0.089349,0.13793,0.98242
0.26177,0.079848,0.13793,0.98242
0.25335,0.082147,0.13793,0.98242
0.26569,0.077797,0.13793,0.98242
0.26862,0.076258,0.13793,0.98242
0.24243,0.086674,0.13793,0.98242
0.23005,0.091944,0.12142,0.98242
0.26128,0.080069,0.13793,0.98242
0.26363,0.079453,0.13793,0.98242
0.23877,0.088429,0.10345,0.98264
0.24199,0.087383,0.13793,0.98242
0.26226,0.079813,0.13793,0.98242
0.26166,0.079969,0.13793,0.98242
0.23896,0.088187,0.13793,0.98242
0.25717,0.081517,0.13793,0.98242
0.26468,0.07913,0.13793,0.98242
0.25965,0.080497,0.13793,0.98242
0.24659,0.084857,0.13793,0.98242
0.24572,0.085237,0.13793,0.98242
0.26398,0.079363,0.13793,0.98242
0.2365,0.089157,0.12475,0.98242
0.25185,0.082559,0.13793,0.98242
0.25257,0.082351,0.13793,0.98242
0.26843,0.076511,0.13793,0.98242
0.25738,0.081443,0.13793,0.98242
0.25112,0.082881,0.13793,0.98242
0.23299,0.090628,0.11706,0.98242
0.2606,0.07968,0.10345,0.98304
0.26599,0.078212,0.13793,0.98242
0.23909,0.088132,0.13793,0.98242
0.23601,0.089477,0.13793,0.98242
0.26255,0.079735,0.13793,0.98242
0.2651,0.078836,0.13793,0.98242
0.23658,0.089122,0.12493,0.98242
0.27899,0.072406,0.10635,0.98332
0.26336,0.079017,0.13793,0.98242
0.25986,0.080442,0.13793,0.98242
0.2529,0.082265,0.13793,0.98242
0.24199,0.086863,0.13793,0.98242
0.26288,0.079265,0.13793,0.98242
0.2349,0.089962,0.13793,0.98242
0.27942,0.072204,0.10541,0.98334
0.24584,0.085183,0.13793,0.98242
0.24358,0.086171,0.13793,0.98242
0.25942,0.080788,0.13793,0.98242
0.25316,0.082196,0.13793,0.98242
0.26919,0.075962,0.13793,0.98242
0.23208,0.091148,0.13251,0.98242
0.23411,0.090306,0.13793,0.98242
0.25457,0.082425,0.13793,0.98242
0.24133,0.0874,0.10345,0.98269
0.24659,0.084856,0.13793,0.98242
0.23409,0.090315,0.13793,0.98242
0.23723,0.088942,0.13793,0.98242
0.24509,0.085512,0.13793,0.98242
0.26556,0.07786,0.13793,0.98242
0.25286,0.083021,0.13793,0.98242
0.24661,0.084846,0.13793,0.98242
0.26371,0.078035,0.13793,0.98242
0.26166,0.078816,0.13793,0.98242
0.26247,0.079757,0.13793,0.98242
0.25257,0.082279,0.13793,0.98242
0.24043,0.087547,0.13793,0.98242
0.23963,0.087897,0.13793,0.98242
0.26109,0.080119,0.13793,0.98242
0.24433,0.085843,0.13793,0.98242
0.25941,0.080559,0.13793,0.98242
0.23681,0.089128,0.13793,0.98242
0.23249,0.090987,0.13475,0.98242
0.26254,0.078905,0.10345,0.98307
0.26741,0.076891,0.13793,0.98242
0.27693,0.073051,0.11405,0.9831
0.24306,0.086978,0.13793,0.98242
