0.12283,0.51733,0.13793,0
0.12756,0.5132,0.13793,0
0.13071,0.50908,0.13793,0
0.13386,0.50165,0.13793,0
0.13858,0.4967,0.13793,0
0.13858,0.4967,0.13793,0
0.13858,0.4934,0.13793,0
0.14173,0.49257,0.13793,0
0.14488,0.4901,0.13793,0
0.14961,0.4868,0.13793,0
0.15118,0.48515,0.13793,0
0.15276,0.4835,0.13793,0
0.15433,0.4802,0.13793,0
0.15591,0.47772,0.13793,0
0.15748,0.47607,0.13793,0
0.15906,0.47442,0.13793,0
0.16063,0.47195,0.13793,0
0.16535,0.46947,0.13793,0
0.16693,0.46782,0.13793,0
0.16693,0.46617,0.13793,0
0.16693,0.46617,0.13793,0
0.1685,0.4637,0.13793,0
0.17008,0.4604,0.13793,0
0.17165,0.45957,0.13793,0
0.17323,0.45792,0.13793,0
0.1748,0.45627,0.13793,0
0.17638,0.45297,0.13793,0
0.17795,0.45132,0.13793,0
0.17953,0.44967,0.13793,0
0.1811,0.44802,0.13793,0
0.18425,0.44472,0.13793,0
0.18583,0.44307,0.13793,0
0.1874,0.44142,0.13793,0
0.19213,0.43977,0.13793,0
0.19843,0.43647,0.13793,0
0.19843,0.43647,0.13793,0
0.19843,0.43482,0.13793,0
0.18441,0.44455,0.13793,0
0.17488,0.45611,0.13793,0
0.19843,0.43534,0.13793,0
0.15344,0.48207,0.13793,0
0.1634,0.4705,0.13793,0
0.17646,0.45288,0.13793,0
0.139,0.49615,0.13793,0
0.13858,0.4967,0.13793,0
0.18333,0.44569,0.13793,0
0.17191,0.4593,0.13793,0
0.1785,0.45075,0.13793,0
0.1406,0.49287,0.13793,0
0.17289,0.45828,0.13793,0
0.12937,0.50988,0.13793,0
0.12944,0.51041,0.13793,0
0.19358,0.43901,0.13793,0
0.16988,0.46082,0.13793,0
0.15173,0.48457,0.13793,0
0.19335,0.43913,0.13793,0
0.13022,0.50971,0.13793,0
0.16693,0.46702,0.13793,0
0.15085,0.4855,0.13793,0
0.17282,0.45835,0.13793,0
0.19843,0.43495,0.13793,0
0.16868,0.46333,0.13793,0
0.15532,0.47864,0.13793,0
0.18266,0.44639,0.13793,0
0.12892,0.5107,0.13793,0
0.17373,0.4574,0.13793,0
0.14753,0.48825,0.13793,0
0.13764,0.49768,0.13793,0
0.19843,0.43626,0.13793,0
0.12895,0.51137,0.13793,0
0.13886,0.49333,0.13793,0
0.14018,0.49298,0.13793,0
0.16605,0.46874,0.13793,0
0.17997,0.44921,0.13793,0
0.1783,0.45095,0.13793,0
0.17093,0.45995,0.13793,0
0.19182,0.43993,0.13793,0
0.16693,0.46748,0.13793,0
0.16693,0.4663,0.13793,0
0.16761,0.4651,0.13793,0
0.19106,0.44014,0.13793,0
0.13274,0.50428,0.13793,0
0.16658,0.46819,0.13793,0
0.13394,0.50156,0.13793,0
0.15849,0.47501,0.13793,0
0.12417,0.51593,0.13793,0
0.16584,0.46896,0.13793,0
0.18204,0.44703,0.13793,0
0.13858,0.4963,0.13793,0
0.15463,0.47981,0.13793,0
0.13833,0.49696,0.13793,0
0.13904,0.49328,0.13793,0
0.19843,0.4352,0.13793,0
0.15395,0.48099,0.13793,0
