0.080315,0.5297,0.13793,0.98633
0.083465,0.51568,0.13793,0.98633
0.086614,0.50083,0.13793,0.9873
0.089764,0.48597,0.13793,0.9873
0.094488,0.46865,0.13793,0.98828
0.099213,0.45132,0.13793,0.98828
0.10394,0.43399,0.13793,0.98926
0.10709,0.41502,0.13793,0.98828
0.10149,0.44084,0.13793,0.98828
0.083831,0.51395,0.13793,0.98644
0.096998,0.45944,0.13793,0.98828
0.083606,0.51501,0.13793,0.98635
0.095252,0.46584,0.13793,0.98828
0.09235,0.47649,0.13793,0.98784
0.085663,0.50531,0.13793,0.98701
0.10365,0.43504,0.13793,0.9892
0.1013,0.44367,0.13793,0.98871
0.10609,0.42099,0.13793,0.98859
0.1059,0.42214,0.13793,0.98865
0.093821,0.47109,0.13793,0.98814
0.090078,0.48482,0.13793,0.98737
0.10167,0.44231,0.13793,0.98879
0.10159,0.4426,0.13793,0.98902
0.10117,0.44414,0.13793,0.98869
0.09864,0.45342,0.13793,0.98828
0.085793,0.5047,0.13793,0.98705
0.085893,0.50413,0.13793,0.98719
0.084902,0.50848,0.13793,0.9868
0.095678,0.46428,0.13793,0.9884
0.096435,0.46151,0.13793,0.98828
0.084147,0.51246,0.13793,0.98643
0.088031,0.49415,0.13793,0.9873
0.093014,0.47405,0.13793,0.98798
0.088805,0.49049,0.13793,0.98716
0.087465,0.49681,0.13793,0.9873
0.092567,0.4765,0.13793,0.98804
0.10599,0.4216,0.13793,0.98862
0.089036,0.48941,0.13793,0.9873
0.097673,0.45697,0.13793,0.98861
0.086996,0.49902,0.13793,0.98688
0.095556,0.46473,0.13793,0.98828
0.082254,0.52107,0.13793,0.98633
0.10422,0.43231,0.13793,0.98917
0.10065,0.44604,0.13793,0.98858
0.10605,0.41941,0.13793,0.98828
0.084339,0.51155,0.13793,0.9866
0.090445,0.48347,0.13793,0.98745
0.10474,0.42914,0.13793,0.98901
0.083136,0.51665,0.13793,0.98662
0.10481,0.42875,0.13793,0.98899
0.080532,0.52871,0.13793,0.98636
0.088298,0.49289,0.13793,0.9873
0.10296,0.43759,0.13793,0.98906
0.090812,0.48213,0.13793,0.98741
0.081007,0.52653,0.13793,0.98644
0.10306,0.43721,0.13793,0.98908
0.081135,0.52605,0.13793,0.98633
0.099277,0.45108,0.13793,0.98829
0.080567,0.52855,0.13793,0.98637
0.089546,0.487,0.13793,0.9873
0.10259,0.43894,0.13793,0.98898
0.10093,0.44503,0.13793,0.98895
0.083284,0.51648,0.13793,0.98633
0.084915,0.50884,0.13793,0.98678
0.09727,0.45845,0.13793,0.98828
0.085284,0.5071,0.13793,0.98661
0.097349,0.45816,0.13793,0.98828
0.084142,0.51248,0.13793,0.98654
0.083807,0.51354,0.13793,0.98669
0.089343,0.48796,0.13793,0.9873
0.10554,0.42433,0.13793,0.98876
0.097668,0.45698,0.13793,0.98861
0.092595,0.47638,0.13793,0.98805
0.083266,0.51656,0.13793,0.98633
0.080662,0.52811,0.13793,0.98638
0.085086,0.50803,0.13793,0.98683
0.092605,0.47555,0.13793,0.98789
0.095219,0.46597,0.13793,0.98787
0.089629,0.48661,0.13793,0.9873
0.098037,0.45563,0.13793,0.98828
0.087476,0.49676,0.13793,0.9873
0.095428,0.4652,0.13793,0.98828
0.10118,0.44412,0.13793,0.98869
0.083245,0.51666,0.13793,0.98633
0.086766,0.50011,0.13793,0.9873
0.10169,0.44224,0.13793,0.98879
0.10184,0.4417,0.13793,0.98882
0.087613,0.49593,0.13793,0.98708
0.10466,0.42965,0.13793,0.98903
0.081635,0.52383,0.13793,0.98633
0.082648,0.51931,0.13793,0.98633
0.10665,0.41763,0.13793,0.98842
0.087631,0.49603,0.13793,0.9873
0.095905,0.46345,0.13793,0.98843
