0.069291,0.70957,0.10345,0.98535
0.066142,0.70545,0.10345,0.98535
0.062992,0.70215,0.10345,0.98535
0.062992,0.69884,0.10345,0.98438
0.069291,0.69389,0.10345,0.9834
0.08189,0.68729,0.13793,0.9834
0.10079,0.68317,0.13793,0.9834
0.11654,0.68234,0.10345,0.98438
0.12756,0.68152,0.10345,0.98535
0.13701,0.68069,0.10345,0.98633
0.062992,0.70154,0.10345,0.98517
0.071118,0.69327,0.10545,0.9834
0.073147,0.69264,0.12198,0.98385
0.069408,0.69492,0.11516,0.98404
0.063389,0.70162,0.10345,0.98523
0.12387,0.68179,0.10345,0.98503
0.10931,0.68272,0.11927,0.98393
0.062992,0.70213,0.10345,0.98535
0.11782,0.68225,0.10345,0.98449
0.079746,0.6886,0.13402,0.98351
0.068248,0.7082,0.10345,0.98535
0.065705,0.69859,0.10345,0.98451
0.063758,0.70305,0.10345,0.98535
0.067119,0.6956,0.10345,0.98374
0.06859,0.70865,0.10345,0.98535
0.12205,0.6819,0.10345,0.9849
0.13361,0.68097,0.10345,0.986
0.068405,0.69505,0.10345,0.98367
0.084034,0.68683,0.13793,0.9834
0.064491,0.70372,0.10345,0.98535
0.063268,0.69931,0.10345,0.98442
0.065757,0.70464,0.10345,0.98523
0.12786,0.68149,0.10345,0.98538
0.069256,0.70951,0.10345,0.98535
0.068688,0.70878,0.10345,0.98535
0.06571,0.70347,0.10345,0.9848
0.066786,0.70308,0.10345,0.98495
0.067735,0.70753,0.10345,0.98535
0.064556,0.70212,0.10345,0.98486
0.062992,0.70017,0.10345,0.98477
0.12962,0.68134,0.10345,0.98556
0.067604,0.70736,0.10345,0.98535
0.067208,0.70153,0.10345,0.98469
0.064153,0.69793,0.10345,0.9842
0.12931,0.68131,0.10345,0.98559
0.066587,0.69602,0.10345,0.98382
0.12303,0.68186,0.10345,0.98495
0.063391,0.70262,0.10345,0.98535
0.081937,0.68728,0.13793,0.9834
0.077276,0.68971,0.1253,0.9834
0.13327,0.68099,0.10345,0.98597
0.066356,0.70466,0.10345,0.98522
0.063125,0.7023,0.10345,0.98535
0.067063,0.70207,0.10345,0.98478
0.06396,0.69808,0.10345,0.98422
0.068069,0.6955,0.10345,0.98378
0.11935,0.68213,0.10345,0.98462
0.067772,0.69947,0.10345,0.98434
0.072953,0.69198,0.11347,0.9834
0.066145,0.69637,0.10345,0.98389
0.062992,0.70135,0.10345,0.98512
0.090812,0.68657,0.12701,0.9834
0.070541,0.69347,0.10482,0.9834
0.068059,0.70796,0.10345,0.98535
0.08529,0.68655,0.13793,0.9834
0.13511,0.68086,0.10345,0.98613
0.085574,0.68649,0.13793,0.9834
0.11031,0.68387,0.10345,0.98425
0.063759,0.70295,0.10345,0.98535
0.13303,0.68104,0.10345,0.98592
0.11904,0.68333,0.10345,0.98507
0.10169,0.68701,0.10345,0.98448
0.089769,0.68557,0.13793,0.9834
0.066516,0.70485,0.10345,0.98492
0.12379,0.68176,0.10345,0.98507
0.069167,0.69399,0.10345,0.98342
0.11537,0.6824,0.10601,0.9843
0.065794,0.70508,0.10345,0.98535
0.080402,0.6882,0.13522,0.98348
0.066334,0.6968,0.10955,0.9842
0.064497,0.702,0.10345,0.98484
0.094343,0.68458,0.13793,0.9834
0.069272,0.70954,0.10345,0.98535
0.12982,0.68127,0.10345,0.98564
0.093732,0.6887,0.10345,0.98422
0.13545,0.68083,0.10345,0.98617
0.13516,0.68084,0.10345,0.98615
0.062992,0.70148,0.10345,0.98516
0.1251,0.68165,0.10345,0.98519
0.10915,0.68273,0.11963,0.98392
0.12928,0.68137,0.10345,0.98553
0.065832,0.7048,0.10345,0.98526
0.12816,0.68147,0.10345,0.98541
0.092707,0.68493,0.13793,0.9834
