0.21732,0.12129,0.10345,0.98438
0.21575,0.12294,0.10345,0.98535
0.2126,0.12046,0.10345,0.98633
0.21417,0.11716,0.10345,0.98633
0.21325,0.11909,0.10345,0.98633
0.21371,0.11814,0.10345,0.98633
0.21496,0.11819,0.10345,0.98584
0.2172,0.12127,0.10345,0.98443
0.21355,0.12121,0.10345,0.98603
0.2146,0.11873,0.10345,0.98606
0.21373,0.1181,0.10345,0.98633
0.21509,0.12242,0.10345,0.98556
0.21422,0.11735,0.10345,0.9863
0.21696,0.12122,0.10345,0.98452
0.2152,0.12091,0.10345,0.98569
0.21685,0.12178,0.10345,0.98467
0.21453,0.1208,0.10345,0.98553
0.21502,0.12089,0.10345,0.98533
0.21284,0.1205,0.10345,0.98623
0.21695,0.12168,0.10345,0.98461
0.21511,0.12061,0.10345,0.98574
0.21726,0.12135,0.10345,0.98441
0.21426,0.11728,0.10345,0.98627
0.2164,0.12113,0.10345,0.98475
0.21267,0.12052,0.10345,0.98631
0.21592,0.12275,0.10345,0.98524
0.21431,0.11766,0.10345,0.98624
0.21501,0.12023,0.10345,0.98581
0.21688,0.12071,0.10345,0.98465
0.2169,0.12173,0.10345,0.98464
0.21394,0.12152,0.10345,0.98591
0.21635,0.1223,0.10345,0.98498
0.21306,0.1195,0.10345,0.98633
0.21649,0.1202,0.10345,0.98489
0.21692,0.12076,0.10345,0.98463
0.2128,0.12062,0.10345,0.98627
0.2151,0.12057,0.10345,0.98575
0.21728,0.12134,0.10345,0.9844
0.21374,0.12066,0.10345,0.98586
0.21454,0.12199,0.10345,0.98573
0.21696,0.12167,0.10345,0.9846
0.2162,0.12246,0.10345,0.98507
0.21631,0.12235,0.10345,0.985
0.21641,0.12224,0.10345,0.98494
0.21557,0.12228,0.10345,0.98546
0.21463,0.11777,0.10345,0.98604
0.21317,0.11926,0.10345,0.98633
0.21368,0.12065,0.10345,0.98588
0.21585,0.12284,0.10345,0.98529
0.2153,0.12093,0.10345,0.98521
0.21668,0.12196,0.10345,0.98477
0.21445,0.11818,0.10345,0.98616
0.2129,0.12052,0.10345,0.9862
0.2137,0.11816,0.10345,0.98633
0.21535,0.12148,0.10345,0.9856
0.21627,0.11991,0.10345,0.98503
0.21492,0.11989,0.10345,0.98587
0.21364,0.11827,0.10345,0.98633
0.21284,0.11997,0.10345,0.98633
0.21531,0.11865,0.10345,0.98562
0.21277,0.1201,0.10345,0.98633
0.21682,0.12182,0.10345,0.98469
0.21404,0.12159,0.10345,0.98588
0.21452,0.1208,0.10345,0.98553
0.21443,0.1219,0.10345,0.98576
0.21421,0.1172,0.10345,0.98631
0.21585,0.12283,0.10345,0.98529
0.21555,0.12222,0.10345,0.98547
0.21704,0.12092,0.10345,0.98455
0.2149,0.11812,0.10345,0.98588
0.21673,0.12052,0.10345,0.98474
0.21281,0.12063,0.10345,0.98626
0.21566,0.12263,0.10345,0.9854
0.21492,0.11992,0.10345,0.98586
0.21562,0.12099,0.10345,0.98508
0.21514,0.11842,0.10345,0.98573
0.21543,0.12096,0.10345,0.98516
0.21478,0.11796,0.10345,0.98595
0.21555,0.1222,0.10345,0.98548
0.21342,0.11874,0.10345,0.98633
0.21717,0.12145,0.10345,0.98447
0.21596,0.12271,0.10345,0.98522
0.21262,0.12041,0.10345,0.98633
0.21449,0.11833,0.10345,0.98613
0.2151,0.12057,0.10345,0.98575
0.21434,0.12183,0.10345,0.98579
0.21652,0.12213,0.10345,0.98487
0.2167,0.12194,0.10345,0.98476
0.2155,0.12274,0.10345,0.98543
0.21568,0.11914,0.10345,0.98539
0.21494,0.11999,0.10345,0.98585
0.21716,0.12146,0.10345,0.98447
0.21607,0.11964,0.10345,0.98515
0.21466,0.12208,0.10345,0.98569
