0.26929,0.12624,0.13793,0.98438
0.27874,0.11881,0.17241,0.98535
0.29291,0.11056,0.17241,0.98535
0.31496,0.10561,0.17241,0.98438
0.34961,0.10396,0.17241,0.9834
0.34961,0.10314,0.17241,0.9834
0.36063,0.099835,0.13793,0.98535
0.37323,0.093234,0.10345,0.98535
0.38898,0.091584,0.068966,0.98633
0.4,0.092409,0.068966,0.98633
0.41575,0.09901,0.068966,0.9873
0.42362,0.10479,0.034483,0.9873
0.4315,0.10891,0.034483,0.98926
0.3126,0.10614,0.17241,0.98448
0.37327,0.09323,0.10335,0.98535
0.29213,0.11108,0.17127,0.98532
0.42539,0.10571,0.041171,0.98869
0.3524,0.10291,0.16367,0.98389
0.34468,0.1042,0.17241,0.98354
0.29969,0.10977,0.17241,0.98512
0.41921,0.10247,0.040922,0.98712
0.30071,0.1108,0.17241,0.98476
0.41578,0.099034,0.068824,0.9873
0.34961,0.10333,0.17241,0.9834
0.30651,0.10898,0.17241,0.98488
0.40601,0.09631,0.068966,0.98695
0.33255,0.10477,0.17241,0.98388
0.38576,0.091921,0.075998,0.98613
0.41864,0.10218,0.04175,0.9871
0.27897,0.11868,0.17241,0.98535
0.37919,0.093051,0.09577,0.98557
0.28364,0.11596,0.17241,0.98535
0.33903,0.10446,0.17241,0.9837
0.35832,0.1007,0.14514,0.98494
0.27269,0.12357,0.15033,0.98473
0.32725,0.10503,0.17241,0.98403
0.37373,0.093182,0.10235,0.98538
0.38859,0.091624,0.069801,0.9863
0.34013,0.10438,0.17241,0.98372
0.35713,0.10088,0.14888,0.98473
0.34961,0.10361,0.17241,0.9834
0.37505,0.093043,0.099452,0.98546
0.32021,0.10524,0.17241,0.98423
0.35865,0.10058,0.14412,0.985
0.37495,0.093181,0.10123,0.98541
0.42171,0.10379,0.045192,0.98835
0.42769,0.10691,0.034483,0.98831
0.39038,0.091689,0.068966,0.98633
0.30337,0.10919,0.17241,0.98499
0.42467,0.10533,0.034483,0.98756
0.34929,0.10398,0.17241,0.98341
0.42663,0.10585,0.045131,0.98865
0.40977,0.096504,0.068966,0.98693
0.34961,0.10349,0.17241,0.9834
0.35086,0.10276,0.16851,0.98362
0.40115,0.092893,0.068966,0.9864
0.41187,0.09863,0.055967,0.98743
0.40639,0.095087,0.068966,0.98672
0.39737,0.092213,0.068966,0.98633
0.31098,0.10846,0.17241,0.98473
0.38799,0.092779,0.08443,0.98589
0.41971,0.10192,0.051595,0.9873
0.28185,0.117,0.17241,0.98535
0.33359,0.10523,0.17241,0.98395
0.33397,0.10578,0.17241,0.98394
0.35294,0.10271,0.16199,0.98399
0.36602,0.097013,0.12319,0.98535
0.41706,0.099976,0.0632,0.9873
0.37187,0.093944,0.10716,0.98535
0.37497,0.093052,0.099629,0.98546
0.42415,0.10506,0.034483,0.98743
0.29653,0.10975,0.17241,0.98519
0.39545,0.093379,0.068966,0.98656
0.42929,0.10753,0.039303,0.98898
0.30734,0.10867,0.17241,0.98485
0.27088,0.12499,0.14373,0.98454
0.39225,0.092648,0.078952,0.98605
0.27174,0.12431,0.14687,0.98463
0.42743,0.10678,0.034483,0.98825
0.39462,0.092007,0.068966,0.98633
0.31077,0.1075,0.16925,0.98438
0.35829,0.10053,0.14524,0.98494
0.42122,0.10353,0.037987,0.98721
0.38915,0.091597,0.068966,0.98633
0.28644,0.11486,0.16297,0.98508
0.42338,0.10461,0.035559,0.9873
0.36303,0.098577,0.13136,0.98535
0.27935,0.11956,0.15261,0.98479
0.29591,0.11021,0.17241,0.98525
0.35147,0.10326,0.16657,0.98373
0.40979,0.097536,0.054681,0.98673
0.41653,0.099498,0.067264,0.9874
0.37456,0.093095,0.10054,0.98543
0.34426,0.10421,0.17241,0.98355
