0.03622,0.72525,0.10345,0.98633
0.037795,0.71535,0.13793,0.98535
0.04252,0.70215,0.13793,0.98535
0.047244,0.68647,0.13793,0.98535
0.045669,0.67244,0.13793,0.98535
0.04252,0.65924,0.13793,0.98535
0.04252,0.64686,0.13793,0.98535
0.045669,0.64026,0.13793,0.98535
0.045669,0.61964,0.13793,0.98535
0.044094,0.60644,0.13793,0.98438
0.040945,0.58993,0.13793,0.98535
0.03937,0.57343,0.10345,0.98633
0.043072,0.64571,0.13793,0.98535
0.042361,0.70139,0.13793,0.98535
0.045743,0.67309,0.13793,0.98535
0.046667,0.68838,0.13793,0.98535
0.045892,0.6906,0.13793,0.98535
0.044732,0.6948,0.13793,0.98535
0.041869,0.59478,0.13793,0.98507
0.042924,0.66157,0.13793,0.98535
0.042645,0.64788,0.13793,0.98535
0.045493,0.63648,0.13793,0.98524
0.04496,0.64454,0.13793,0.98535
0.045669,0.61973,0.13793,0.98535
0.040011,0.58015,0.11749,0.98593
0.045024,0.6264,0.13793,0.98495
0.044015,0.65023,0.13793,0.98535
0.04257,0.65894,0.13793,0.98535
0.04516,0.62932,0.13793,0.98504
0.044585,0.6679,0.13793,0.98535
0.044338,0.64829,0.13793,0.98535
0.045669,0.63608,0.13793,0.98535
0.04299,0.6564,0.13793,0.98535
0.036762,0.72326,0.10641,0.98624
0.042599,0.65957,0.13793,0.98535
0.041205,0.70771,0.11904,0.98589
0.045185,0.67701,0.13793,0.98535
0.045669,0.62399,0.13793,0.98535
0.045669,0.6302,0.13793,0.98535
0.044724,0.69533,0.13005,0.98557
0.045661,0.67249,0.13793,0.98535
0.039358,0.70683,0.13793,0.98535
0.046898,0.68338,0.13793,0.98535
0.04238,0.59551,0.11992,0.98586
0.043484,0.60324,0.13793,0.98456
0.04252,0.65837,0.13793,0.98535
0.037972,0.71485,0.13793,0.98535
0.043538,0.64473,0.13793,0.98535
0.038973,0.71515,0.11851,0.9859
0.045456,0.67071,0.13793,0.98535
0.045432,0.67052,0.13793,0.98535
0.046853,0.68298,0.13793,0.98535
0.045809,0.67369,0.13793,0.98535
0.043114,0.65169,0.13793,0.98535
0.045831,0.67388,0.13793,0.98535
0.045135,0.64138,0.13793,0.98535
0.046873,0.6877,0.13793,0.98535
0.044325,0.60836,0.13793,0.98452
0.044787,0.69462,0.13793,0.98535
0.04104,0.70829,0.11852,0.9859
0.046624,0.68853,0.13793,0.98535
0.043752,0.66441,0.13793,0.98535
0.040518,0.58547,0.12859,0.98562
0.04252,0.64777,0.13793,0.98535
0.04082,0.58356,0.11403,0.98573
0.042544,0.70192,0.13793,0.98535
0.044986,0.61391,0.13793,0.98493
0.042872,0.65712,0.13793,0.98535
0.044892,0.62635,0.13793,0.98535
0.043813,0.60447,0.13588,0.98449
0.041821,0.7041,0.13793,0.98535
0.043123,0.59965,0.13084,0.98478
0.043162,0.65537,0.13793,0.98535
0.042907,0.65691,0.13793,0.98535
0.042033,0.70351,0.13793,0.98535
0.046591,0.68846,0.13793,0.98535
0.043453,0.64491,0.13793,0.98535
0.044924,0.66639,0.13793,0.98535
0.045495,0.64063,0.13793,0.98535
0.045536,0.61852,0.13793,0.98527
0.04468,0.64622,0.13793,0.98535
0.037484,0.72061,0.11037,0.98613
0.045238,0.61693,0.13793,0.98535
0.041491,0.70671,0.11993,0.98586
0.043968,0.60577,0.13793,0.98441
0.039971,0.57973,0.11662,0.98596
0.045393,0.61761,0.13642,0.98539
0.044818,0.627,0.13793,0.98535
0.045183,0.61556,0.13793,0.98505
0.042938,0.70076,0.13793,0.98535
0.045116,0.67012,0.13793,0.98535
0.044301,0.64313,0.13793,0.98535
0.040721,0.58287,0.11331,0.98577
0.039965,0.57759,0.10779,0.98608
