0.31969,0.11716,0.10345,0.98535
0.32756,0.11716,0.13793,0.98438
0.33543,0.11716,0.13793,0.98535
0.34803,0.11469,0.10345,0.98535
0.35748,0.11386,0.10345,0.98535
0.35906,0.11304,0.10345,0.98633
0.33701,0.11535,0.10345,0.98578
0.32134,0.11702,0.10345,0.98535
0.33156,0.11716,0.12945,0.98535
0.35807,0.11355,0.10345,0.98572
0.32916,0.11633,0.10345,0.98535
0.35708,0.1139,0.10345,0.98535
0.35828,0.11344,0.10345,0.98585
0.32662,0.11716,0.11863,0.98535
0.35167,0.11437,0.10345,0.98535
0.35809,0.11354,0.10345,0.98573
0.33426,0.11716,0.13793,0.98521
0.33318,0.11716,0.13793,0.98507
0.35729,0.11388,0.10345,0.98535
0.3269,0.11716,0.13504,0.98446
0.35886,0.11314,0.10345,0.98621
0.32954,0.11716,0.13793,0.98462
0.33976,0.11631,0.12609,0.98535
0.34471,0.11498,0.10345,0.98535
0.32848,0.11716,0.13793,0.98449
0.32827,0.11716,0.12224,0.98535
0.35513,0.11407,0.10345,0.98535
0.32695,0.11716,0.11936,0.98535
0.32519,0.11668,0.10345,0.98535
0.35889,0.11306,0.10345,0.98631
0.35138,0.11419,0.10345,0.98565
0.34866,0.11463,0.10345,0.98535
0.35608,0.11398,0.10345,0.98535
0.33235,0.11716,0.13793,0.98497
0.32965,0.11716,0.13793,0.98463
0.34823,0.11466,0.10345,0.98537
0.35846,0.11335,0.10345,0.98596
0.34958,0.11455,0.10345,0.98535
0.33265,0.11716,0.13793,0.98501
0.35147,0.11417,0.10345,0.98566
0.34447,0.11512,0.10945,0.98518
0.35814,0.11351,0.10345,0.98576
0.35111,0.11442,0.10345,0.98535
0.34409,0.11546,0.11423,0.98535
0.35135,0.11419,0.10345,0.98565
0.35825,0.11316,0.10345,0.98626
0.32726,0.11637,0.10345,0.98554
0.3581,0.11354,0.10345,0.98573
0.35515,0.11406,0.10345,0.98535
0.35849,0.11312,0.10345,0.98628
0.34814,0.11468,0.10345,0.98535
0.32592,0.11716,0.13074,0.98458
0.32358,0.11716,0.12048,0.98487
0.34694,0.1149,0.10644,0.98535
0.34256,0.11477,0.10345,0.98592
0.32791,0.1163,0.10345,0.98556
0.34935,0.11449,0.10345,0.98547
0.35378,0.11383,0.10345,0.98586
0.33702,0.11535,0.10345,0.98578
0.35763,0.11325,0.10345,0.9862
0.32203,0.11692,0.10345,0.98541
0.34574,0.11514,0.10973,0.98535
0.34423,0.11515,0.10985,0.98517
0.32607,0.11716,0.11743,0.98535
0.3588,0.11317,0.10345,0.98617
0.35563,0.11355,0.10345,0.98602
0.35861,0.11327,0.10345,0.98605
0.33019,0.11624,0.10345,0.98535
0.35776,0.11372,0.10345,0.98552
0.32577,0.11716,0.13012,0.9846
0.34733,0.11426,0.10345,0.98604
0.32315,0.11686,0.10345,0.98535
0.35554,0.11403,0.10345,0.98535
0.32897,0.11716,0.13793,0.98455
0.35638,0.11396,0.10345,0.98535
0.32765,0.11716,0.13793,0.98439
0.34051,0.1156,0.11612,0.98499
0.33157,0.11612,0.10345,0.98535
0.3315,0.11716,0.12931,0.98535
0.33214,0.11716,0.13793,0.98494
0.35586,0.11351,0.10345,0.98605
0.32156,0.117,0.10345,0.98535
0.34324,0.11511,0.10345,0.98535
0.33382,0.11716,0.13793,0.98515
0.35318,0.11392,0.10345,0.98581
0.33147,0.11716,0.13793,0.98486
0.32206,0.11691,0.10345,0.98541
0.3582,0.11316,0.10345,0.98625
0.35828,0.11344,0.10345,0.98585
0.35109,0.11442,0.10345,0.98535
0.34975,0.11443,0.10345,0.9855
0.33863,0.11653,0.12918,0.98535
0.35167,0.11414,0.10345,0.98567
0.33042,0.11622,0.10345,0.98535
