0.34803,0.22772,0.10345,0.99316
0.36063,0.22442,0.10345,0.99316
0.37008,0.22195,0.13793,0.99219
0.38268,0.21782,0.10345,0.99414
0.39528,0.21205,0.068966,0.99805
0.40315,0.2071,0.034483,0.99805
0.4063,0.2038,0.034483,0.99805
0.38217,0.21797,0.10345,0.99412
0.3754,0.22021,0.12337,0.99301
0.40603,0.20408,0.034483,0.99805
0.4057,0.20442,0.034483,0.99805
0.39597,0.21152,0.066778,0.99805
0.39043,0.21376,0.077316,0.99562
0.37477,0.22041,0.1251,0.99291
0.35475,0.22596,0.10345,0.99316
0.37064,0.22176,0.1364,0.99227
0.4049,0.20526,0.034483,0.99805
0.3953,0.21203,0.068843,0.99805
0.40383,0.20638,0.034483,0.99805
0.3617,0.2241,0.10345,0.99321
0.36802,0.22201,0.10345,0.99373
0.36735,0.22241,0.10345,0.99346
0.40276,0.20645,0.045562,0.99805
0.36174,0.22413,0.1075,0.99305
0.40618,0.20392,0.034483,0.99805
0.39665,0.21102,0.064681,0.99805
0.37399,0.22067,0.12723,0.99279
0.37563,0.22013,0.12273,0.99305
0.40461,0.20506,0.039771,0.99805
0.35157,0.2268,0.10898,0.99301
0.40407,0.20613,0.034483,0.99805
0.35076,0.22694,0.10345,0.99324
0.35713,0.22512,0.10345,0.99342
0.40259,0.20745,0.036935,0.99805
0.40048,0.20877,0.046168,0.99805
0.4028,0.20642,0.045436,0.99805
0.36391,0.22356,0.11541,0.99283
0.38113,0.21829,0.10345,0.99407
0.38728,0.21571,0.090857,0.99557
0.39757,0.2106,0.058913,0.99805
0.34937,0.22737,0.10555,0.9931
0.39827,0.20981,0.059614,0.99805
0.35669,0.22545,0.10345,0.99316
0.35976,0.22465,0.10345,0.99316
0.39751,0.21064,0.059185,0.99805
0.36119,0.22428,0.10548,0.99311
0.36612,0.22298,0.12348,0.9926
0.36229,0.22399,0.10951,0.99299
0.36316,0.22376,0.12711,0.99249
0.36887,0.22195,0.10345,0.99353
0.37963,0.21882,0.11179,0.99367
0.40564,0.20449,0.034483,0.99805
0.35996,0.2246,0.10345,0.99316
0.4044,0.20522,0.040428,0.99805
0.3521,0.22666,0.10345,0.99316
0.40464,0.20554,0.034483,0.99805
0.37224,0.22095,0.10345,0.99368
0.40096,0.20779,0.051187,0.99805
0.37881,0.21898,0.10345,0.99397
0.3719,0.22135,0.13295,0.99247
0.35689,0.2254,0.10345,0.99316
0.37876,0.2191,0.11416,0.99353
0.35082,0.22699,0.10345,0.99316
0.37287,0.22103,0.13029,0.99262
0.37777,0.21943,0.11687,0.99338
0.38215,0.21797,0.10345,0.99413
0.39951,0.20783,0.054314,0.99692
0.39724,0.21081,0.06036,0.99805
0.39722,0.21059,0.062892,0.99805
0.3625,0.22386,0.10345,0.99325
0.39939,0.20946,0.05096,0.99805
0.40086,0.20787,0.051501,0.99805
0.35025,0.22709,0.10345,0.99323
0.38172,0.21814,0.10608,0.99399
0.35104,0.22694,0.10815,0.99303
0.38712,0.21549,0.088473,0.99499
0.40243,0.20755,0.037651,0.99805
0.36646,0.22289,0.12473,0.99256
0.40522,0.20492,0.034483,0.99805
0.40613,0.20392,0.035013,0.99805
0.39697,0.21098,0.061555,0.99805
0.4058,0.20432,0.034483,0.99805
0.35013,0.22717,0.10345,0.99316
0.3695,0.2221,0.13702,0.99221
0.35379,0.22621,0.11245,0.99291
0.39578,0.21167,0.067384,0.99805
0.38181,0.21808,0.10345,0.9941
0.40027,0.20891,0.047087,0.99805
0.40577,0.20419,0.036127,0.99805
0.36573,0.2229,0.10345,0.99339
0.37028,0.22153,0.10345,0.99359
0.38514,0.21669,0.096695,0.99491
0.36456,0.22339,0.12929,0.99243
0.39534,0.212,0.068673,0.99805
