0.11496,0.34818,0.13793,0.98535
0.12598,0.33993,0.13793,0.9834
0.13386,0.33168,0.13793,0.98438
0.14173,0.32591,0.13793,0.98438
0.1329,0.33252,0.13793,0.98442
0.1169,0.34657,0.13793,0.98528
0.13761,0.32934,0.13793,0.98453
0.11634,0.34703,0.13793,0.9853
0.13274,0.33392,0.13793,0.98382
0.12236,0.34172,0.13793,0.98497
0.13199,0.33458,0.13793,0.98377
0.13881,0.32805,0.13793,0.98438
0.13198,0.33365,0.13793,0.98414
0.13715,0.32999,0.13793,0.98409
0.11601,0.34727,0.13793,0.9853
0.1268,0.33908,0.13793,0.9835
0.13134,0.33432,0.13793,0.98406
0.12771,0.33812,0.13793,0.98361
0.12163,0.34236,0.13793,0.98501
0.1173,0.34624,0.13793,0.98527
0.13725,0.32919,0.13793,0.98438
0.12374,0.34088,0.13793,0.98503
0.13247,0.3329,0.13793,0.98445
0.13206,0.33453,0.13793,0.98377
0.12318,0.34203,0.13793,0.9839
0.13794,0.32869,0.13793,0.98438
0.13482,0.33207,0.13793,0.98395
0.12451,0.33984,0.13793,0.98486
0.11894,0.34471,0.13793,0.98515
0.13522,0.33133,0.13793,0.98461
0.12387,0.34041,0.13793,0.98489
0.13935,0.32803,0.13793,0.98423
0.12282,0.34133,0.13793,0.98495
0.13565,0.33132,0.13793,0.984
0.13722,0.32921,0.13793,0.98438
0.12619,0.33838,0.13793,0.98477
0.13475,0.33103,0.13793,0.98438
0.11733,0.34612,0.13793,0.98523
0.12609,0.33984,0.13793,0.9834
0.11609,0.34734,0.13793,0.98515
0.11654,0.34701,0.13793,0.98507
0.11551,0.34777,0.13793,0.98525
0.12707,0.33761,0.13793,0.98473
0.11964,0.3441,0.13793,0.98511
0.13909,0.32784,0.13793,0.98438
0.12714,0.33872,0.13793,0.98354
0.13531,0.33062,0.13793,0.98438
0.13721,0.32994,0.13793,0.98409
0.12295,0.34221,0.13793,0.98394
0.12153,0.34327,0.13793,0.98419
0.13217,0.33316,0.13793,0.98446
0.12213,0.34282,0.13793,0.98408
0.13602,0.33066,0.13793,0.98458
0.122,0.34292,0.13793,0.9841
0.12143,0.3428,0.13793,0.98512
0.12781,0.33802,0.13793,0.98363
0.12836,0.33704,0.13793,0.98486
0.12522,0.34051,0.13793,0.98353
0.12215,0.3419,0.13793,0.98498
0.14094,0.32649,0.13793,0.98438
0.13884,0.32848,0.13793,0.9842
0.13513,0.33075,0.13793,0.98438
0.12067,0.34344,0.13793,0.98514
0.12884,0.33739,0.13793,0.98358
0.12822,0.3366,0.13793,0.98467
0.13619,0.33084,0.13793,0.98403
0.14017,0.3273,0.13793,0.98428
0.11756,0.34591,0.13793,0.98522
0.12283,0.34164,0.13793,0.98506
0.11519,0.34798,0.13793,0.98534
0.13895,0.32838,0.13793,0.9842
0.13252,0.33308,0.13793,0.98421
0.13133,0.33517,0.13793,0.98373
0.13026,0.33482,0.13793,0.98456
0.12174,0.34311,0.13793,0.98415
0.13598,0.33103,0.13793,0.98402
0.12157,0.34324,0.13793,0.98418
0.13092,0.33491,0.13793,0.98477
0.13337,0.33287,0.13793,0.98468
0.13389,0.33166,0.13793,0.98438
0.11777,0.34609,0.13793,0.98485
0.11971,0.34403,0.13793,0.98511
0.13848,0.32881,0.13793,0.98417
0.12885,0.33606,0.13793,0.98463
0.12772,0.33811,0.13793,0.98361
0.13197,0.33333,0.13793,0.98447
0.1155,0.34778,0.13793,0.98526
0.12571,0.34014,0.13793,0.98345
0.13444,0.33125,0.13793,0.98438
0.11995,0.34445,0.13793,0.98447
0.13654,0.32972,0.13793,0.98438
0.13731,0.32915,0.13793,0.98438
0.12072,0.34388,0.13793,0.98433
0.132,0.33363,0.13793,0.98414
