0.33228,0.46122,0.10345,0.9834
0.34803,0.46452,0.13793,0.9834
0.36535,0.46287,0.17241,0.9834
0.3748,0.46287,0.17241,0.9834
0.38583,0.46535,0.2069,0.98242
0.39685,0.46865,0.24138,0.98047
0.40315,0.47195,0.2069,0.98242
0.40945,0.4769,0.2069,0.98242
0.41102,0.4802,0.2069,0.98242
0.40945,0.4835,0.17241,0.9834
0.40157,0.48102,0.17241,0.9834
0.39528,0.4802,0.17241,0.98145
0.38898,0.47937,0.2069,0.97949
0.3811,0.47607,0.2069,0.97949
0.3748,0.47277,0.24138,0.97656
0.3685,0.4703,0.27586,0.97363
0.36378,0.467,0.31034,0.9707
0.35906,0.45875,0.31034,0.9707
0.35433,0.44554,0.31034,0.9707
0.34803,0.43977,0.34483,0.9668
0.34331,0.43234,0.37931,0.96387
0.33701,0.42162,0.37931,0.96387
0.33071,0.41419,0.41379,0.96094
0.32598,0.40759,0.44828,0.95898
0.32441,0.40182,0.44828,0.95801
0.31969,0.39769,0.44828,0.95703
0.31339,0.39356,0.44828,0.95898
0.31181,0.39026,0.44828,0.95898
0.30866,0.38696,0.41379,0.96094
0.30394,0.38201,0.41379,0.96094
0.30079,0.37459,0.37931,0.96387
0.30394,0.36964,0.34483,0.9668
0.30709,0.36716,0.27586,0.97363
0.31339,0.36304,0.24138,0.97656
0.31496,0.35726,0.2069,0.97852
0.32283,0.35479,0.2069,0.97852
0.32913,0.35479,0.2069,0.97852
0.33858,0.35561,0.2069,0.97852
0.34488,0.35479,0.17241,0.97949
0.34331,0.34818,0.17241,0.98047
0.32441,0.33828,0.13793,0.98145
0.33071,0.33746,0.13793,0.98145
0.33543,0.33746,0.13793,0.98438
0.33543,0.33416,0.17241,0.98145
0.33543,0.33168,0.2069,0.97852
0.33386,0.33003,0.24138,0.97656
0.33543,0.32921,0.24138,0.97656
0.34016,0.33086,0.27586,0.97363
0.34331,0.33663,0.31034,0.9707
0.34488,0.33828,0.31034,0.9707
0.34331,0.33911,0.31034,0.9707
0.34331,0.33416,0.27586,0.97656
0.34803,0.33003,0.24138,0.97656
0.34961,0.32756,0.24138,0.97656
0.35276,0.32426,0.17241,0.97656
0.36063,0.31518,0.17241,0.98047
0.3685,0.30941,0.17241,0.98047
0.37638,0.30363,0.17241,0.98047
0.38425,0.29785,0.13793,0.98242
0.39528,0.30033,0.13793,0.98145
0.40472,0.30446,0.13793,0.98145
0.40945,0.31023,0.13793,0.98242
0.41575,0.31353,0.13793,0.98438
0.41102,0.31353,0.17241,0.9834
0.40315,0.31353,0.17241,0.98242
0.4,0.31353,0.17241,0.98242
0.4,0.30776,0.17241,0.98242
0.4,0.30446,0.17241,0.98242
0.40157,0.30363,0.17241,0.98242
0.4,0.30281,0.17241,0.98242
0.39213,0.30116,0.17241,0.98242
0.3811,0.30033,0.17241,0.98242
0.37008,0.29538,0.13793,0.98535
0.35591,0.29125,0.13793,0.98633
0.34331,0.28383,0.13793,0.98535
0.33858,0.27805,0.13793,0.98633
0.33543,0.27145,0.10345,0.9873
0.33386,0.2632,0.10345,0.98633
0.33228,0.2533,0.10345,0.98633
0.33386,0.24422,0.10345,0.98633
0.34173,0.23267,0.13793,0.98633
0.35591,0.2269,0.13793,0.98535
0.37008,0.22195,0.17241,0.98438
0.3874,0.22277,0.17241,0.98438
0.4063,0.23267,0.17241,0.9873
0.40945,0.23432,0.17241,0.9873
0.42047,0.24175,0.17241,0.9873
0.4252,0.24505,0.13793,0.98828
0.44409,0.26238,0.2069,0.98535
0.46457,0.27723,0.2069,0.98535
0.4557,0.2708,0.2069,0.98535
0.3479,0.43957,0.34577,0.96672
0.35922,0.45904,0.31034,0.9707
0.32771,0.35479,0.2069,0.97852
