0.03622,0.55198,0.13793,0.98535
0.037795,0.53795,0.13793,0.98438
0.03937,0.52393,0.13793,0.98438
0.03937,0.5099,0.13793,0.98633
0.037675,0.53903,0.13793,0.98445
0.036884,0.54607,0.13793,0.98515
0.038832,0.52872,0.13793,0.98438
0.039075,0.52655,0.13793,0.98447
0.039095,0.52638,0.13793,0.98438
0.037771,0.53817,0.13793,0.98439
0.038406,0.53251,0.13793,0.98467
0.03937,0.51341,0.13793,0.98584
0.038455,0.53208,0.13793,0.98438
0.039047,0.51566,0.13793,0.98593
0.039165,0.52575,0.13793,0.98438
0.037803,0.53782,0.13793,0.98438
0.037854,0.5369,0.13793,0.98445
0.038488,0.53178,0.13793,0.98438
0.037692,0.53232,0.13793,0.98581
0.038608,0.52347,0.13793,0.98538
0.036546,0.54909,0.13793,0.98515
0.038018,0.53398,0.13793,0.98465
0.03937,0.51357,0.13793,0.98582
0.036798,0.54684,0.13793,0.98499
0.038951,0.52766,0.13793,0.9845
0.03937,0.51795,0.13793,0.98521
0.03899,0.51497,0.13793,0.98621
0.039324,0.51073,0.13793,0.98627
0.037746,0.53161,0.13793,0.98582
0.036424,0.55017,0.13793,0.98529
0.03937,0.51364,0.13793,0.98581
0.038449,0.5263,0.13793,0.98519
0.036985,0.54517,0.13793,0.98511
0.03937,0.51609,0.13793,0.98547
0.037455,0.54098,0.13793,0.98497
0.038387,0.52304,0.13793,0.98602
0.039218,0.52529,0.13793,0.98438
0.03937,0.51114,0.13793,0.98615
0.038702,0.52988,0.13793,0.98438
0.038394,0.53262,0.13793,0.98468
0.039004,0.52719,0.13793,0.98449
0.038971,0.51701,0.13793,0.98583
0.036388,0.55049,0.13793,0.98525
0.039026,0.52699,0.13793,0.98438
0.038211,0.53425,0.13793,0.98438
0.03937,0.52203,0.13793,0.98464
0.03819,0.53092,0.13793,0.98486
0.03937,0.52277,0.13793,0.98454
0.039106,0.52628,0.13793,0.98446
0.037216,0.54312,0.13793,0.98473
0.039028,0.52697,0.13793,0.98448
0.03937,0.51305,0.13793,0.98589
0.038619,0.53062,0.13793,0.98438
0.038456,0.53206,0.13793,0.98466
0.036596,0.54864,0.13793,0.98512
0.038584,0.53093,0.13793,0.98462
0.037995,0.53617,0.13793,0.98438
0.036735,0.5474,0.13793,0.98519
0.037403,0.53619,0.13793,0.98572
0.039343,0.51038,0.13793,0.98629
0.038103,0.52683,0.13793,0.98594
0.038192,0.53088,0.13793,0.98487
0.038768,0.52063,0.13793,0.98558
0.037463,0.54091,0.13793,0.98458
0.037795,0.53795,0.13793,0.98438
0.03937,0.51049,0.13793,0.98625
0.039177,0.51334,0.13793,0.98609
0.036382,0.55054,0.13793,0.98525
0.036382,0.54983,0.13793,0.9854
0.038483,0.53183,0.13793,0.98438
0.038139,0.53183,0.13793,0.9848
0.03937,0.5161,0.13793,0.98547
0.037459,0.53543,0.13793,0.98574
0.038371,0.53283,0.13793,0.98468
0.03937,0.51477,0.13793,0.98565
0.03937,0.5202,0.13793,0.98489
0.03937,0.51807,0.13793,0.98519
0.036436,0.55006,0.13793,0.98528
0.03798,0.53631,0.13793,0.98438
0.036354,0.55079,0.13793,0.98527
0.03937,0.51307,0.13793,0.98589
0.03937,0.51443,0.13793,0.9857
0.037279,0.53784,0.13793,0.98568
0.037877,0.53723,0.13793,0.98484
0.036851,0.54637,0.13793,0.98496
0.03937,0.5194,0.13793,0.98501
0.03937,0.51937,0.13793,0.98501
0.037213,0.53872,0.13793,0.98566
0.036578,0.5472,0.13793,0.98546
0.03937,0.52325,0.13793,0.98447
0.03675,0.5449,0.13793,0.98552
0.03746,0.54094,0.13793,0.98497
0.036971,0.54529,0.13793,0.98512
0.036956,0.54543,0.13793,0.9849
