0.33071,0.2764,0.13793,0.9873
0.32913,0.26898,0.13793,0.98633
0.32756,0.26155,0.13793,0.98633
0.32598,0.25495,0.13793,0.98633
0.32598,0.25,0.13793,0.98633
0.32598,0.24587,0.13793,0.98633
0.32756,0.2401,0.13793,0.98535
0.33228,0.23432,0.13793,0.98633
0.33858,0.23762,0.13793,0.98633
0.34173,0.24257,0.10345,0.9873
0.34646,0.2467,0.10345,0.9873
0.34961,0.25165,0.10345,0.98828
0.35276,0.25743,0.10345,0.98926
0.35034,0.25331,0.10345,0.98851
0.35267,0.25728,0.10345,0.98923
0.34916,0.25096,0.10345,0.98814
0.33041,0.27501,0.13793,0.98712
0.32697,0.24226,0.13793,0.98572
0.33201,0.2391,0.13793,0.98575
0.32598,0.24617,0.13793,0.98633
0.32598,0.24724,0.13793,0.98633
0.32598,0.24613,0.13793,0.98633
0.3284,0.26572,0.13793,0.98633
0.34197,0.24285,0.10345,0.98733
0.32598,0.2508,0.13793,0.98633
0.35066,0.25358,0.10345,0.98861
0.34975,0.2523,0.10345,0.98833
0.34819,0.24943,0.10345,0.98784
0.3524,0.25678,0.10345,0.98915
0.35082,0.25387,0.10345,0.98866
0.32598,0.24763,0.13793,0.98633
0.32679,0.25591,0.13793,0.98633
0.35153,0.25519,0.10345,0.98888
0.32598,0.25479,0.13793,0.98633
0.32769,0.26216,0.13793,0.98637
0.34952,0.25152,0.10345,0.98826
0.32967,0.27149,0.13793,0.98698
0.34877,0.25063,0.10345,0.98802
0.32892,0.24048,0.13793,0.98633
0.32662,0.25761,0.13793,0.98633
0.32598,0.24989,0.13793,0.98633
0.33343,0.23493,0.13793,0.98633
0.32614,0.25561,0.13793,0.98633
0.33837,0.23767,0.13793,0.98631
0.32598,0.25383,0.13793,0.98633
0.3514,0.25495,0.10345,0.98884
0.32634,0.25644,0.13793,0.98633
0.34681,0.24843,0.10345,0.98793
0.32602,0.25511,0.13793,0.98633
0.32656,0.25422,0.13793,0.98633
0.32732,0.24099,0.13793,0.9855
0.3428,0.24401,0.10345,0.98749
0.32789,0.26309,0.13793,0.98633
0.3523,0.25658,0.10345,0.98912
0.33649,0.23899,0.13793,0.98633
0.32737,0.26114,0.13793,0.98633
0.3383,0.23769,0.13793,0.9863
0.34225,0.24303,0.10345,0.9873
0.3501,0.25291,0.10345,0.98844
0.32755,0.24015,0.13793,0.98536
0.32655,0.25734,0.13793,0.98633
0.33433,0.23858,0.13793,0.98595
0.35124,0.25484,0.10345,0.98879
0.32598,0.25259,0.13793,0.98633
0.32834,0.23992,0.13793,0.98542
0.328,0.26362,0.13793,0.98633
0.32826,0.23924,0.13793,0.9855
0.3441,0.2453,0.10345,0.9876
0.32887,0.2398,0.13793,0.98547
0.34957,0.25159,0.10345,0.98827
0.32727,0.24503,0.13793,0.98633
0.32598,0.25417,0.13793,0.98633
0.32762,0.26238,0.13793,0.98667
0.35149,0.25572,0.10345,0.98903
0.32957,0.27105,0.13793,0.9866
0.3266,0.2436,0.13793,0.98594
0.32652,0.24391,0.13793,0.986
0.34392,0.2451,0.10345,0.98758
0.32665,0.25776,0.13793,0.98633
0.32598,0.25197,0.13793,0.98633
0.34571,0.24793,0.10345,0.98801
0.32989,0.27256,0.13793,0.9868
0.32599,0.25002,0.13793,0.98633
0.32631,0.2524,0.13793,0.98633
0.32753,0.26184,0.13793,0.98633
0.3285,0.26598,0.13793,0.98633
0.32599,0.25499,0.13793,0.98633
0.35054,0.25336,0.10345,0.98857
0.35193,0.25632,0.10345,0.98911
0.32598,0.25251,0.13793,0.98633
0.32628,0.25214,0.13793,0.98633
0.32686,0.24266,0.13793,0.98579
0.32973,0.27177,0.13793,0.9867
0.33112,0.23575,0.13793,0.98609
